432.1992027282715,264.5971733093262
431.65644518136975,262.6728510975838
431.112353515625,260.743798828125
430.51778982877727,258.8475130915642
429.91801452636713,256.9317962646485
429.33236753130325,255.01821550177414
428.7455825082957,253.10417778715495
428.1623618602752,251.20546813011174
427.57118197157973,249.28601796999578
426.9781232707202,247.36910890564326
426.38161143735044,245.46281215325
425.8030738949775,243.5466098725796
425.20055044889443,241.63786182999615
424.6117369651794,239.73984379768376
425.56023957729326,238.1248469948769
426.8312492031602,236.5962002826855
428.1132883071898,235.0542883872986
429.39469757080064,233.51313400268558
430.669733654335,231.97964465897536
431.87764968872057,230.4303947448731
431.2661764040588,228.5260922297836
430.6561760544776,226.6263768553734
430.04239435922347,224.71488529015335
429.43118515014635,222.8114051818848
428.82218177765594,220.91479467898608
427.7716266328468,219.60000000000002
425.77641857375846,219.6
423.7762727305291,219.60000000000002
421.7672634959219,219.60000000000002
419.7719020602059,219.60000000000002
417.7686290130018,219.60000000000002
415.77491480067533,219.60000000000002
413.7770424662127,219.60000000000002
411.77618081967796,219.60000000000002
409.7684816785388,219.60000000000005
407.77514407079127,219.60000000000002
405.77663968291586,219.60000000000002
403.78280229570794,219.60000000000002
401.7826092025264,219.60000000000002
399.76498641390333,219.60000000000002
397.7835414971456,219.60000000000002
395.7751268431543,219.60000000000002
393.77738687766237,219.60000000000002
391.76908107995973,219.60000000000002
390.50057983398426,220.9081420898438
389.89277343749984,220.01748046875002
388.2287407073656,219.60000000000002
386.23087244094336,219.60000000000002
384.22104808283024,219.6
382.2315519332884,219.60000000000002
380.2292674236056,219.60000000000002
378.2225341979413,219.60000000000002
376.2184081193524,219.60000000000002
374.2369029085616,219.60000000000002
372.22249554828727,219.60000000000002
370.2237228393554,219.60000000000002
368.2338597403372,219.60000000000002
366.2201202124356,219.60000000000002
364.23359374999984,219.60000000000002
362.22640972137435,219.60000000000002
360.21749217431045,219.60000000000002
358.22321895039624,219.60000000000002
356.2266959186642,219.60000000000002
354.22919740565106,219.60000000000002
352.32937850952135,219.76478347778323
351.5434088706969,221.59871263504033
351.1458850860595,219.84089670181277
349.35726068411014,219.60000000000002
347.3473511695861,219.60000000000002
345.3536759428912,219.60000000000002
343.35706961762617,219.60000000000002
341.3422847757115,219.60000000000005
339.3523567907744,219.60000000000002
337.35610171456347,219.60000000000005
335.3575250906636,219.60000000000002
333.35393041372294,219.60000000000002
331.35290142016305,219.60000000000002
329.3472090119117,219.60000000000002
327.357740633632,219.6
325.3544088931521,219.60000000000002
323.3545453069731,219.60000000000002
321.3491338448598,219.60000000000002
319.3528737916843,219.60000000000002
317.34557231192,219.60000000000002
315.347528890334,219.60000000000002
313.3878501892089,219.6433921813965
312.84845199584953,221.56981430053713
312.52722700834266,220.66022506952288
311.4581970214843,219.60000000000002
309.457858135947,219.6
307.45814984347663,219.60000000000002
305.4561747035011,219.60000000000002
303.4672427609562,219.6
301.45655102862503,219.60000000000002
299.46120970691254,219.60000000000002
297.4648832165955,219.60000000000005
295.46690669208755,219.60000000000002
293.4616205260157,219.60000000000002
291.45523068457834,219.60000000000002
289.4676033243536,219.60000000000002
287.4652088416739,219.60000000000002
285.46099015458304,219.60000000000002
283.4622553223074,219.60000000000002
281.46631857156746,219.60000000000002
279.45814653250847,219.60000000000002
277.4665574340381,219.60000000000002
275.46106059420845,219.60000000000002
274.2171197414397,220.42880258560183
274.0178497314452,222.4215026855469
273.87976350784294,222.79054031372073
273.82946243286125,220.77849731445315
272.9823311669751,219.60000000000002
270.9837095543741,219.60000000000002
268.9880593666806,219.6
266.97480669489585,219.60000000000002
264.98917160097034,219.60000000000002
262.9783306615426,219.60000000000002
260.99340612497167,219.60000000000002
258.99222000688303,219.60000000000002
256.9871302118262,219.60000000000005
254.9866056844591,219.60000000000005
252.98279881764017,219.60000000000002
250.98147142988446,219.60000000000002
248.9762142817256,219.60000000000002
246.99126287698735,219.60000000000002
244.9920123281189,219.60000000000002
242.975546337664,219.60000000000002
240.987456190586,219.60000000000002
238.983393698302,219.60000000000002
236.97793753910798,219.60000000000002
235.48609542846668,220.11446914672854
235.4321910738944,222.1089302659035
235.3132059574126,222.49715510606768
235.09682884216295,220.49566679000856
233.90660009384143,219.60000000000002
231.89848393201817,219.60000000000002
229.9083151496247,219.60000000000002
227.91575980503103,219.60000000000002
225.89790048056733,219.60000000000002
223.91035816611245,219.60000000000002
221.9038998661562,219.60000000000002
219.91201664060344,219.60000000000002
217.90718484984234,219.60000000000005
215.91120715772257,219.60000000000002
213.91660181784525,219.60000000000002
211.91596359033127,219.60000000000002
209.90478654119642,219.60000000000002
207.90989825073615,219.60000000000002
205.91414856922336,219.60000000000002
203.89763402112283,219.60000000000002
201.9000611901282,219.60000000000002
199.90226889925532,219.60000000000002
197.90912921074766,219.60000000000002
196.95175777673708,220.78593778610232
196.58235274553286,221.25378084182742
195.82710723131885,219.60000000000002
193.81929355710733,219.60000000000002
191.8325586779042,219.60000000000002
189.82778094355,219.60000000000002
187.83339417744415,219.60000000000002
185.8266464874147,219.60000000000002
183.81745077986258,219.60000000000002
181.8160126611589,219.60000000000002
179.8283407807349,219.60000000000002
177.82968626022327,219.60000000000002
177.51255972702043,221.5545938562602
177.22220644932224,223.52899614460767
176.93178760558354,225.50384428203108
176.6403732180594,227.48546211719514
176.34990768432604,229.46062774658202
175.71019058227526,228.2517502784729
174.72665657997118,226.7549744680524
173.9897759914397,224.88974547833206
173.25708808898912,223.03512922525405
172.5245887279509,221.18099021762612
171.58584060668932,219.60000000000002
169.58923780936738,219.60000000000002
167.58759475368993,219.60000000000002
165.59490751977995,219.60000000000002
163.59164272546752,219.60000000000002
161.5942137653705,219.60000000000002
159.58917492998285,219.60000000000002
157.59435312300906,219.60000000000002
155.58503304664032,219.60000000000002
153.75719299316393,219.8140350341797
153.32153167724593,221.4430633544922
152.43327178955064,219.66654357910159
150.46737918909628,219.60000000000002
148.4717690363525,219.60000000000002
146.46442232895632,219.60000000000002
144.47062964644266,219.60000000000002
142.46848186796984,219.60000000000002
140.46044081449494,219.60000000000002
138.47259016036972,219.60000000000002
136.46681696455911,219.60000000000002
134.49305725097642,219.6312423706055
133.99848632812487,221.23388671875
132.92108583450303,219.60000000000002
130.91753650661545,219.60000000000002
128.9170380143447,219.60000000000002
126.92104846553397,219.60000000000005
124.92694187313303,219.60000000000002
122.92196594735127,219.60000000000002
120.92471050303415,219.60000000000002
118.92457061260923,219.60000000000002
116.91767923552528,219.60000000000002
115.2043104767798,219.95997487306596
114.68694780319915,221.90624397844078
114.17622594833361,223.82753095626833
113.66085391193613,225.76631147414452
112.99374999999986,227.50000000000006
110.99667873382555,227.50000000000006
108.98857421874986,227.50000000000003
108.04945942163454,228.86321336030966
107.55360383987413,230.79154062271124
106.4459132105111,229.55063066445294
105.271553993225,227.93588674068454
104.09567959606639,226.31905944459143
102.91592514514917,224.6968970745802
101.7390838116407,223.07874024100602
100.56233823299405,221.46071507036686
99.305712890625,220
97.3089430451393,220
95.31215257644652,220
93.30316734761,220
91.30596441477537,220
89.31146457213907,220
87.3086729717208,220
85.31287367772312,220
83.30851001292467,220
81.9259251030162,220.8539204273373
81.31901946819853,222.74482369772159
80.70276305282023,224.6648606925737
80.09384840726852,226.5620233297348
79.48237376075413,228.46716202431708
78.87352724012453,230.3641124083195
78.2606697678566,232.27355949878694
77.64949873555452,234.17775223888458
77.03800009097904,236.08296570293606
76.42709041306225,237.98634415522102
75.8164990575984,239.88873082734645
75.20517485321034,241.79340079748073
74.59164887666702,243.70493071079255
73.97972418896389,245.6114715745207
73.37320385109633,247.50117439590394
72.760331189711,249.4106688102882
72.151171875,251.30859375
71.53628306630999,253.22436976619065
70.92794466856867,255.11973701901735
70.31691467519849,257.0234903316945
69.70073852688074,258.94327724277974
69.09412645620759,260.8332658711355
68.48160612133798,262.7416625607293
67.87072487119585,264.64495244212446
68.07739101797341,266.33325922042127
69.55250082015992,267.6956217765809
71.0233864530921,269.05408302992583
72.48914999421686,270.4078136889264
73.9537568660453,271.76047608647497
75.41899335104972,273.11371997389944
76.8933744081529,274.47540948523675
78.36137530952692,275.8312064960599
79.83195610791445,277.1893862143159
81.30621316879987,278.5509612068534
82.7719205038622,279.9046399557963
84.61391297895462,280.3
86.61934162229299,280.3
88.610546875,280.3
90.62570517789572,280.3
92.62534336280078,280.3
94.61782635555137,280.3
96.61060742009431,280.3
98.61358756367119,280.3
100.38376635313034,279.98354933261874
100.8925264582038,278.06156671345235
101.40598374158145,276.1218391984701
101.91736398935319,274.18995826244355
102.42739944458009,272.2631576538086
102.93853374719622,270.3322058439255
104.1608772277832,271.43947372436526
106.09165184497834,271.6
108.07761218547822,271.6
109.67761735245585,272.4901672324165
110.99685171246529,274.00034340769054
112.31095850542188,275.5046498680488
113.62676587104798,277.0109030365944
114.9436871945858,278.5184313938022
116.2557421028614,280.0203889861703
118.12421875,280.3
120.12539114654064,280.3
122.12925297059118,280.3
124.13004112280905,280.3
126.12392578125,280.3
128.12916633300483,280.3
130.1282713919878,280.3
132.13228659331799,280.30000000000007
134.10520706176757,280.2704933166504
134.57706413269045,278.85084085464473
135.82379339933397,280.29999999999995
137.82379501853134,280.3
139.81710347291082,280.3
141.81546927820892,280.3
143.8281901359558,280.3
145.81926162298768,280.3
147.82082500811666,280.3
149.8241684457287,280.3
151.82135189026593,280.3
153.38516550064085,279.7890069961548
153.96018114089964,279.0893873214722
155.29556503295896,280.3
157.283696921356,280.3
159.2864504246041,280.3
161.28904108870773,280.3
163.2830016449094,280.3
165.29356739278882,280.3
167.28997231575192,280.3
169.29600392784923,280.3
171.28377026170492,280.3
172.70068454742432,279.60959167480473
172.98811887614428,277.6386134207249
173.27539513111114,275.66871910095216
173.56470549106598,273.6848766326904
173.85282154381275,271.7092236995697
174.42451171874998,271.58593750000006
175.29359789788725,273.39968256950374
176.15184904634953,275.19081540107726
177.01694095134735,276.9962245941162
177.88125,278.8
178.94540919065474,280.3
180.94770309273153,280.3
182.93540097624063,280.3
184.9432141392259,280.3
186.93479444961994,280.3
188.94520351793614,280.3
190.9481773952022,280.3
192.9496683001518,280.3
194.94804990906266,280.3
196.72140350341795,280.06456146240237
196.90898437499996,278.12470703125007
197.59541397094725,280.012388420105
199.38863927572964,280.3
201.39090429041534,280.3
203.39020690154285,280.3
205.39965282678605,280.29999999999995
207.3829342842102,280.3
209.39076681137084,280.3
211.39413322007746,280.3
213.40071768146007,280.3
215.39899778366086,280.3
217.39471900800706,280.3
219.3950912772445,280.3
221.39263015480245,280.3
223.39021438469643,280.3
225.3964597759768,280.3
227.3948906382546,280.3
229.383637689054,280.3
231.40016918908805,280.3
233.38371782302855,280.3
235.3024719238281,280.21348266601564
235.35990236997603,278.2034170508385
235.466051864624,277.3779538154602
235.69490470886228,279.3804162025452
236.87322301026433,280.29999999999995
238.86941241454332,280.3
240.8720363436267,280.3
242.86204658898058,280.3
244.87799430936573,280.3
246.86413250416518,280.3
248.86955936916635,280.3
250.8607471531024,280.3
252.86517698019742,280.3
254.86103459149598,280.3
256.86959675787074,280.3
258.8704538430058,280.3
260.8687889099121,280.3
262.86474940350746,280.3
264.8619657864794,280.3
266.8695089138084,280.3
268.86144270580263,280.3
270.8668398506241,280.3
272.87315777391194,280.3
273.82218666076653,279.1392267227173
274.0321454524994,277.1446182012558
274.1355378270149,277.8504374265671
274.18813599348067,279.84916775226594
275.75383360683924,280.3
277.742298451066,280.3
279.7554189328104,280.3
281.7385183442384,280.3
283.74518958739935,280.3
285.74161610640584,280.3
287.7420369397849,280.3
289.74941612295805,280.3
291.7466905832291,280.3
293.0064859628677,279.3708131670952
293.4131225585938,277.77715454101565
293.5614379882812,279.7794128417969
295.0746458172798,280.29999999999995
297.0825308993459,280.3
299.07078877687456,280.3
301.07072003316136,280.3
303.06949697732927,280.3
305.0699679210782,280.3
307.06913766860964,280.3
309.06411950141194,280.3
311.0749313667417,280.3
312.3532203674317,279.284491443634
312.8546508789063,278.6284851074219
313.33143137991425,280.30000000000007
315.3235288325697,280.3
317.3362306896597,280.3
319.3271604646463,280.3
321.32768225930636,280.3
323.323067483306,280.3
325.32867319746873,280.3
327.32911272919733,280.3
329.32082998752594,280.3
331.2536038398743,280.180880355835
332.07775268554684,278.3494384765625
332.38710937499997,280.2140625
334.3092741943895,280.3
336.3057319164276,280.29999999999995
338.3188040457665,280.29999999999995
340.3212560690939,280.3
342.32141406610606,280.3
344.30602111816404,280.3
346.3155213832855,280.3
348.3175868667662,280.3
350.3197483062744,280.3
351.3561942100525,278.64839181900027
351.76789474487305,280.09666671752933
353.59827678296716,280.3
355.5961296081543,280.3
357.58689733017235,280.3
359.59912921190266,280.3
361.5879699707031,280.3
363.5899000093341,280.3
365.59337842017413,280.3
367.5940058456734,280.3
369.58569412231446,280.3
370.7828129276633,278.7546262100339
371.93494659662247,277.1103189349175
373.08687120396644,275.46631002929064
374.2327187506482,273.83097421023996
375.37725360449406,272.19751184601336
376.5272493081167,270.556255841814
377.67563609872013,268.91729605328294
378.81845903396606,267.28627691268923
379.9704528808594,265.64216918945317
379.6011824607849,263.6856758117676
380.99760789871215,263.20000000000005
382.9962311759591,263.20000000000005
384.9971339821815,263.20000000000005
386.25062956083565,261.74727764427666
387.42407434266056,260.1247367113829
388.5999222798273,258.49887289702895
389.7707851052284,256.87990207672124
390.93537009805436,255.2696117162705
392.1135157747194,253.64057078063493
393.2868601799011,252.01816864013676
393.77563511691983,253.92292482983328
394.2549867536407,255.8608750182903
394.7334460049867,257.79521742016084
395.2127807617188,259.73309936523447
395.69431595546195,261.67987736279616
396.1749442741683,263.62298899413736
396.656481090188,265.56977355033166
397.1353574332723,267.5058021945152
397.6136367797852,269.43941726684574
398.0947642672807,271.384546966292
398.57415401884356,273.3226512476104
399.0566063646227,275.2731371598319
399.5375519126654,277.2175313040615
400.01692192554475,279.15555578470236
401.1205891773105,280.30000000000007
403.11167775392533,280.30000000000007
405.12827696949245,280.30000000000007
407.116066801548,280.30000000000007
409.1269034167752,280.30000000000007
411.12158761273605,280.30000000000007
413.11032115221025,280.30000000000007
415.12307703699923,280.30000000000007
417.11397926062347,280.30000000000007
418.73550556004045,279.3644944399596
420.14574258327485,277.9542574167252
421.559862780571,276.5401372194291
422.9782393470872,275.1217606529128
424.3952155742794,273.7047844257206
425.8047844257206,272.2952155742795
427.22176065291285,270.87823934708723
428.6306471437682,269.4693528562319
430.0542574167252,268.0457425832749
431.4644944399596,266.63550556004054
432.28134765625003,265.04741210937505
254.94943821430203,251.842696249485
255.01285889148713,249.84494491815568
255.07627198696136,247.847432410717
256.3586932405829,247.09999999999997
258.35193270260936,247.1
260.34964331444354,247.1
262.3548106646165,247.09999999999997
264.3514873779146,247.1
266.3601379612461,247.1
268.34371348768474,247.09999999999997
270.35879335403445,247.09999999999997
272.3417006865144,247.1
273.12779541015624,245.75814819335938
273.2449130311608,246.24259386211634
273.3168468594551,248.23276311159134
273.3891434207559,250.23296797424555
273.4613944068551,252.2319119229913
272.56487627290187,253.3050275469199
270.5630383945536,253.31579011615833
268.56437416374683,253.32653562277557
266.5608236259315,253.3373073998606
264.55412310324607,253.34809611234814
262.57271773815154,253.3587488293648
260.5563701946288,253.36958940755576
258.56365937762894,253.3803029065719
256.56699491105974,253.3910376617685

426.60173950195315,222.2054359436035
427.2118311524391,224.11197235137223
427.82109278440475,226.01591495126485
428.43123350143435,227.92260469198226
428.877356159687,229.69999999999996
426.87129383534193,229.7
424.8722615102306,229.7
422.8843627288938,229.7
420.8800610616803,229.7
419.4468809604645,230.08795180320737
419.92846421599387,232.02949934601781
420.4341025412083,233.96429070830345
420.98710937500005,235.88576029539107
421.53789062500005,237.80757695436475
422.09453125000005,239.73999261856073
422.63600907325747,241.66093749999996
423.1935720264912,243.58046874999997
423.7964855186642,245.48945312499998
424.36334742531193,247.408984375
424.9751708209516,249.31796874999998
425.5868469238282,251.209375
426.179453277588,253.11718749999997
426.7406250000001,255.040625
427.318145954609,256.9587709546089
427.86914062500006,258.8744140625
428.42426353693014,260.8047426998615
428.96309462785723,262.72870224714273
429.44496107101446,264.59999999999997
427.4500603675843,264.5999999999999
425.44664615541706,264.59999999999997
423.44888266325006,264.59999999999997
421.4437986006961,264.59999999999997
419.4460266113282,264.59999999999997
417.44944982528693,264.59999999999997
415.44247045516977,264.59999999999997
414.0745373025537,263.7717212483286
413.5505850329763,261.8468860685126
413.0237201562385,259.91135088976006
412.5019541552291,257.9945473702624
411.976038555801,256.06249953657385
411.44968675375,254.12884923219676
410.9239064335824,252.19729837179182
410.3982899136289,250.26634926164695
409.87332496951865,248.33779383538928
409.34827171924996,246.4089140001917
408.82196972013924,244.47544665609018
408.29697711411876,242.54678960870947
407.77328645817477,240.62291551476807
407.24648605585105,238.68761719465252
406.7224667549134,236.7625357627868
406.1966531347251,234.83086256862148
405.6682459173725,232.8896613175049
405.14372241143144,230.96272759567944
404.11791483610875,229.69999999999993
402.1237550511957,229.69999999999996
400.12047659158713,229.7
398.11596909761437,229.69999999999996
396.1197364464403,229.69999999999996
394.8593636870385,228.7501198172569
394.3654103919865,226.8003041788935
393.8752187132837,224.86533702611916
393.3821799874307,222.91913152933117
394.44836149774505,222.19999999999993
396.4480983284768,222.19999999999996
398.4554920528085,222.19999999999996
400.44730255603804,222.19999999999996
402.44832796488777,222.19999999999996
404.4495183949068,222.2
406.44853601492946,222.2
408.45828659185213,222.2
410.45032645937175,222.19999999999996
412.447497742303,222.19999999999996
414.44735085666184,222.2
416.4428621236235,222.2
418.450804125378,222.2
420.4544742773753,222.2
422.45421562627894,222.2
424.44708574577237,222.2
426.45108852386477,222.2

333.5003460884094,251.00249547958373
333.7742471592501,252.9774663588032
334.04955872297285,254.96260763406752
334.3250783530995,256.94924917761233
334.599735699594,258.92967320233583
334.87326723951844,260.90197956915944
335.1476946696639,262.88074577599764
335.230419921875,264.7
333.23653815984727,264.7
331.2338867291808,264.7
329.2364730520174,264.7
327.23128148317335,264.7
325.2234108058735,264.7
323.22933615613726,264.7
321.22184214144943,264.7
320.1814689187333,263.63069833070045
319.96198759078976,261.65069656372066
319.742391693592,259.6696612358093
319.5212542295223,257.67471900675446
319.3003752652323,255.68210877571252
319.0804613917367,253.69820489566774
318.8611063442891,251.71934233997018
318.6396493904991,249.72151790577917
318.4187926033744,247.7291077410802
318.19915573858015,245.74770283314862
317.9792595818667,243.76395878109616
317.75741873979564,241.76267118453978
317.5388050198555,239.7904963493347
317.31675848569716,237.7873531475663
317.0967986109433,235.80303427744656
316.87653670567954,233.81599070655645
316.6577006093459,231.8418097523972
316.4362027968425,229.84361672045196
316.2168576196069,227.86484320666642
315.9966687245294,225.87845828086137
315.77566763591017,223.8847463324666
316.0102494370192,222.29999999999998
318.0020456314087,222.3
320.0008123461157,222.3
322.0003367450088,222.29999999999998
324.00666624936275,222.3
326.0077263445128,222.3
328.01319110500623,222.29999999999995
330.00694735385474,222.3
332.0064587503671,222.29999999999995
334.0097349893301,222.29999999999998
336.0149699762929,222.29999999999995
338.01733027063307,222.29999999999998
340.00547640435394,222.29999999999998
342.0186032454017,222.29999999999998
343.9996825307607,222.29999999999995
346.0065790306776,222.29999999999998
348.00040434300894,222.29999999999998
349.1697013175114,223.2856624469161
349.5104203981579,225.26463354546576
349.85168967694034,227.24680031538009
350.18911811858413,229.20665866136548
350.5303192153573,231.18842941522595
350.86808416598063,233.1502422791207
351.2075723374291,235.12206398725974
351.548060734407,237.09969522450118
351.88515329360956,239.05760269165037
352.22579297765327,241.03611263732893
352.56446008682246,243.003165435791
352.90378512901077,244.97403965343253
353.2437987183482,246.948913103831
353.58174943923945,248.91180496215821
353.92233174348655,250.88998163340145
354.26169110613404,252.86105519179253
354.6022880064556,254.8393166402355
354.9397641134681,256.7994518371299
355.28112580126617,258.78215533886106
355.61978905368596,260.74918573647733
355.95769708603615,262.7118296504021
356.2986702919006,264.692276763916
354.31041118483995,264.70000000000005
352.3129009513184,264.7
350.31039240043606,264.7
348.3078421950339,264.7
346.31217117309563,264.7
344.31042081322516,264.7
342.3103390529751,264.7
341.07184855341904,263.8221625909209
340.7831689424812,261.84470725599675
340.4948748171329,259.8698924973607
340.2058593451976,257.8901365146041
339.9163968384265,255.90731834322213
339.6265970550477,253.9221898270771
339.33746809959405,251.94165648221968
338.1545321464538,251
336.1497561454773,251
334.1538624763489,251
343.0798352316022,233.07901138961316
342.75054057836536,231.10324347019196
342.42224731445316,229.13348388671875
340.5263589859009,229
338.54165641367433,229
336.531532740593,229
335.9545149087906,230.26187175512314
336.19686737060545,232.24108352661133
336.07471671104435,233.90000000000003
334.0737668514252,233.9
332.07036308646207,233.89999999999998
331.0411591649056,232.78811415433884
330.75667935609823,230.79675549268723
330.3153625488282,229
328.31538324356086,229
326.32044801712044,229
324.31293945312507,229
324.3292061805726,230.76816196441652
324.5861733436585,232.75048007965086
325.1341142773629,234.39999999999998
327.13183622360236,234.4
329.1343982562423,234.39999999999998
330.7636222839356,234.82414855957032
330.58286285400396,236.4
328.5784301757813,236.40000000000003
328.18660000562676,237.80798186063765
328.4474121093751,239.77592773437502
328.7121811494232,241.77373049110173
328.97381601333626,243.74788446426393
330.13118515014656,244.7
332.14243612289437,244.70000000000002
332.43595581054694,243.1689208984375
333.01478158235557,241.9
335.02762684673075,241.90000000000003
337.0328071594239,241.90000000000003
337.8023437023163,243.31640591621402
338.5944667816163,244.7
340.5971992969514,244.70000000000005
341.44576791524895,243.71528745889663
341.1361758710817,241.73866133075205
340.82688569072644,239.7639624869451
340.5175907716156,237.78923338800666
339.71314172744763,236.4
337.7103507995606,236.40000000000003
337.1495388984681,234.73025932312012
338.77780928313734,234.4
340.77822265625,234.4
342.7713914871216,234.4

307.30362396240236,242.8
309.3048815011978,242.8
311.3001925081015,242.8
312.4002461671829,243.79790502786634
312.5989913675934,245.7763231592253
312.799214053154,247.7694489836693
312.9991165596992,249.75938757155092
313.1995844285469,251.75495408417194
313.4,253.75
313.5988280624151,255.72924298495053
313.7993708629627,257.72555540858303
313.9994101495948,259.71685558005703
314.1987122923136,261.7008178189397
314.39975383281705,263.70209497213364
313.5092468261719,264.7
311.5167259097099,264.69999999999993
309.513846771419,264.7
307.5025390477851,264.7
305.519979946129,264.7
303.5061958177015,264.7
301.51548975575713,264.7
299.51286197900765,264.7
299.26333429068325,262.8182183101773
299.1179193615913,260.8159665942192
298.97343131594823,258.8264773503644
298.82790928389875,256.8227509090677
298.68345342855895,254.8337049009278
298.53830833975223,252.83516867812722
298.39336631763723,250.83942852746696
298.24912652969357,248.85335760116575
298.1037292480469,246.85134887695312
296.15710798501965,246.7653054997325
294.14989624023434,246.72946243286134
292.5229000568389,247.04350085258483
292.65564882382745,249.03473235741257
292.7889569722115,251.03435458317395
292.9213877476751,253.0208162151277
293.0543361604213,255.01504240632056
293.1876112282276,257.0141684234142
293.3211362597532,259.01704389629884
293.45426639914507,261.0139959871769
293.5871069133281,263.00660369992255
293.39837177544825,264.7
291.4066350102424,264.69999999999993
289.3931539950891,264.7
287.4055822880938,264.7
285.3990546807646,264.7
283.39848184157154,264.7
281.4048059895634,264.7
279.3905812963842,264.7
278.55469243228424,263.5021811785176
278.4790840897708,261.5032856233185
278.4030068639665,259.4919939661165
278.32767553664735,257.50042200011666
278.25183753706506,255.49545488615985
278.1764783542602,253.50314649075733
278.10087892315346,251.50448653087074
278.0257533688098,249.5183546879096
277.9497954964171,247.51021843652998
277.8743186772334,245.5148000293615
277.79882812537244,243.51901856453622
277.7227633506059,241.50805608164518
277.64732185415915,239.5135715193348
277.57198874838645,237.52195253546813
277.49638575054695,235.52319828008768
277.4203811645507,233.51382703781127
277.3452063232659,231.52639217134566
277.2696089178323,229.5277857651934
277.1937939506023,227.52342756905125
277.1183015894144,225.52759827014523
277.0427961349486,223.53142281770704
277.8762010108678,222.39999999999998
279.8765729907899,222.39999999999998
281.87451921016896,222.39999999999998
283.88000365309404,222.39999999999998
285.86289800703514,222.39999999999995
287.8671024775597,222.39999999999998
289.86553639508776,222.39999999999998
291.8685639324131,222.39999999999998
293.87123756702044,222.39999999999998
295.8717150435316,222.39999999999998
297.86804665029035,222.39999999999998
299.8778752181678,222.39999999999998
301.86370410523364,222.39999999999998
303.8808551520108,222.39999999999998
305.8781602575908,222.39999999999998
307.8758803739677,222.39999999999998
309.87536575794206,222.39999999999998
310.54908733069885,223.86291943248364
310.75112679004656,225.84543162733314
310.95511200427995,227.84703654199836
311.1578298807143,229.83620570451018
311.36073971688734,231.82725847195832
311.5627929687499,233.80990600585932
311.76563274562346,235.80027131643143
311.9694665908812,237.8003909230232
310.3072280883788,238.09999999999997
308.3136911392211,238.09999999999997
307.04426603317245,238.79350118637083
307.17103195190424,240.77950057983395
307.2991394042969,242.7865173339844
297.2411591649055,236.62583533525466
297.08072651475663,234.63188668340445
296.91956378072496,232.62886413186789
296.7596816062927,230.641757106781
295.44755859375,229.9
293.4497390538454,229.90000000000003
291.45578784942626,229.9
291.42724456787107,231.74504623413085
291.56491527557375,233.7412714958191
291.70270653180785,235.73924471121282
291.84027614593504,237.73400411605834
293.0396035552025,238.6
295.0355857849121,238.6
297.03912963867185,238.6

72.49356498792768,264.80000686347483
71.82325717806816,266.00738327503205
73.24836706072091,267.40169913321733
74.7000617980957,268.79912490844725
76.13689937144518,270.18224892765284
77.5693789049983,271.5611778244376
79.01766699552536,272.95532430410384
80.45692936927081,274.34078247696164
81.8957609295845,275.7258259415627
83.4140625,277.0140625
85.26042036414148,277.79023668169975
87.25262451171875,277.9
89.25621359050274,277.9
91.24005126953125,277.9
93.24846579134466,277.9
95.24857270717622,277.9
96.43596191406252,276.92626953125
95.10128904730084,275.4382125660777
93.72725464254619,273.97739704102275
92.35898543465883,272.522710830532
90.98849460333587,271.0656626835465
89.61891241688284,269.609580569528
88.25477371215821,268.159285736084
86.87407121658326,266.6913809776306
85.30863616466524,265.4919300317764
83.37798748016358,265.0009836196899
81.38162124827505,264.96447446756065
79.38568224534393,264.92751263417307
77.37865261659027,264.89034541882575
75.38001457378269,264.85333360321823
73.38380932807922,264.8163668394089

108.69356384426355,264.80000800639397
107.79478311538696,266.02383546829225
109.06386580467225,267.56650691032405
110.35103800222278,269.098854764551
111.63550731539726,270.62798489928247
112.92276315763593,272.160432330519
114.21492699980737,273.6987226188183
115.50105285644531,275.22982482910163
116.83623742461205,276.70934640169145
118.6111873626709,277.63061599731446
120.58544359207153,277.8
122.58375183213502,277.79999999999995
124.5790037587285,277.8
126.58321914672851,277.8
128.586376953125,277.79999999999995
130.4760009765625,277.43991699218753
129.8971220508218,275.65915015041827
128.69798402041198,274.049348410964
127.50893594156952,272.4530920859426
126.30825805664064,270.8412231445312
125.12126833852383,269.2477300982922
123.9245500445366,267.6411767721176
122.71635727882388,266.05316109657286
121.02336730957032,265.02783508300774
119.03705204725266,264.79999999999995
117.04191784169524,264.79999999999995
115.04429608006029,264.79999999999995
113.0392399961129,264.8
111.04046115856619,264.8
109.0443727850914,264.8

95.69356384426355,255.6000080063939
94.79478311538696,256.82383546829226
96.10335260629654,258.3457206845284
97.43131795916707,259.8450364055112
98.75585908442736,261.34048606306317
100.07858454354573,262.833885774971
101.40840076208114,264.33529118299487
102.73289816509933,265.83069147672506
104.0512474656105,267.319150364399
105.60134954452514,268.5641897201538
107.53788108825684,268.95448570251466
107.68516845703127,267.2777526855469
106.68610033392908,265.54516158699994
106.38816123604775,263.5867093503475
106.80252914428713,261.6383094787598
106.50720840692523,259.67391465902335
105.38045883178712,258.0374877929688
104.03614854812623,256.568867635727
102.21290510892871,255.7744893610478
100.2127920150757,255.67780675888062
98.21023124158383,255.64327984899285
96.21471130847931,255.6088743329048

129.3935638435185,264.9000080071389
128.39999046325684,266.1335681915283
129.54282518178223,267.7880851075053
130.7206169044599,269.39718084130436
131.90057344436644,271.00923414230346
133.0763942912221,272.6156372711062
134.26320905685424,274.2370602607727
135.44730724096297,275.8547718644142
136.87395428419111,277.21714242100717
138.77647161483765,277.79987206459043
140.76293973922728,277.8
142.7733489975333,277.8
144.77746810913084,277.8
146.76583439111707,277.8
148.76789431571956,277.7827196598053
149.5327221393585,276.3293714046478
148.47564917206762,274.6210386753082
147.418747061491,272.9299952983856
146.35605608448384,271.2296897351742
145.29843749999998,269.5375
144.23427429199216,267.8348388671875
143.14394531249997,266.1685546875
141.5156169891357,265.0336688995361
139.536848449707,264.8078468322754
137.53859488070012,264.82601277381184
135.54321994781495,264.844152545929
133.542953960225,264.8623367821798
131.54702375233174,264.8804816022515
129.555499458313,264.89858636856076

150.1935627005994,264.8000091500581
149.07168478965758,266.0285912036896
150.07019521892067,267.76152665168047
151.11129861436783,269.4667822131887
152.14902577102183,271.16650772839785
153.1928298074752,272.8761867536232
154.23168139755725,274.57775401324034
155.3035310268402,276.2703909397125
156.90479264259338,277.43378539085387
158.88560829162597,277.7
160.8767177581787,277.7
162.87187514305114,277.7
164.87160644531247,277.7
166.88150939941406,277.7
168.76572265625,277.290869140625
168.56556122303007,275.42602595090864
167.6864683151245,273.6487294197083
166.79575450420379,271.8479384541511
165.9128702163696,270.06297674179075
165.02238781452178,268.2626536250114
164.13120298981667,266.4722491383552
162.66861147880553,265.1430541038513
160.73292999267576,264.79999999999995
158.73155034482477,264.79999999999995
156.73129282295702,264.79999999999995
154.723185133934,264.79999999999995
152.72746365964412,264.8
150.72517707347868,264.8

176.19356155693526,264.80000915080313
174.91124267578124,265.97874145507814
175.6662153661251,267.80964191854
176.51640725135803,269.62596094608307
177.36444492936135,271.4376778036356
178.21550968289375,273.255861595273
179.06202507019043,275.0643262863159
180.0701904296875,276.7829406738281
181.7801025390625,277.7436950683594
183.78213002830745,277.8
185.7903696551919,277.8
187.78563821483402,277.8
189.7781875476241,277.8
191.774609375,277.8
193.50985679626467,277.09446449279784
193.23320770263675,275.1702445983887
192.5438624233008,273.28468251079323
191.85975468158725,271.4134466290474
191.1711144987494,269.5298131877556
190.48341406881812,267.6487502470613
189.64652600288395,265.8602115631104
187.99743351936343,264.7825351715088
186.00415780544284,264.71246287673716
183.99401364624504,264.7304105924443
181.99683895111087,264.7482425093651
179.99180908203124,264.7661445617676
177.9994737625122,264.7839332699776

196.9935604132712,264.7000091515481
195.58145880699158,265.8176073551178
196.1052822113037,267.73985621929165
196.7744556903839,269.6219066292047
197.44046406745912,271.4950551897287
198.10898857116698,273.37528035640713
198.7823152065277,275.26901151835915
199.90871038436887,276.8749675750732
201.77042285799976,277.49999999999994
203.76697744801638,277.49999999999994
205.76155571667474,277.49999999999994
207.76413258910176,277.49999999999994
209.76994646424424,277.49999999999994
211.7742939171381,277.49999999999994
213.7565099470317,277.49999999999994
215.75784034729,277.49999999999994
217.76493774726987,277.49999999999994
219.76470083324236,277.49999999999994
221.7604904794134,277.49999999999994
223.76149671981108,277.49999999999994
225.76313761463385,277.49999999999994
227.76649820879098,277.49999999999994
229.76153544783585,277.49999999999994
231.69446010589598,277.19670653343195
232.38962593078608,275.4239234924316
232.11865331530566,273.43679097890845
231.84916968345635,271.46057767868035
231.57804041132326,269.4722963497042
231.30649199485777,267.4809412956237
230.71154479980467,265.62404212951657
229.01171870231624,264.70004115700715
226.99825668334955,264.69999999999993
225.0118794441223,264.69999999999993
222.99982433766124,264.69999999999993
221.00759458541867,264.69999999999993
219.00662833452222,264.69999999999993
216.99333810806272,264.7
215.01088601350781,264.69999999999993
213,264.69999999999993
211.0123880878091,264.69999999999993
209.00666189193726,264.69999999999993
206.99337166547775,264.69999999999993
205.0027097677812,264.7
203.00017566233873,264.69999999999993
201.00425770133734,264.7
199.0017433166504,264.7
197.00582885742188,264.7

238.69355812519788,264.7000102944672
237.0811774253845,265.6856569766998
237.00512746870515,267.6566599652171
237.2232903536409,269.64194221813233
237.44097473621366,271.6228700995445
237.66047508418558,273.620323266089
237.87911357879636,275.60993356704716
238.76060523986814,277.3263961315155
240.65532637834545,277.8
242.6569266958162,277.8
244.64687499999997,277.8
246.64874207063107,277.80000000000007
248.6539462760789,277.8
250.64691172782332,277.8
252.65216071847823,277.8
254.64999999999998,277.8
256.6478392815217,277.8
258.65308827217666,277.8
260.64605372392106,277.8
262.65125792936885,277.8
264.653125,277.8
266.65578577832787,277.8
268.64467362165453,277.8
270.53939476013187,277.32639613151554
271.42504180669783,275.59283596277237
271.6648772245273,273.6087429607287
271.90492779016495,271.6228700995445
272.14589818716047,269.6293877243996
272.3843597844243,267.6566599652171
272.3226137638092,265.6856569766998
270.7079162597656,264.69999999999993
268.7185626326129,264.7
266.7182230910519,264.7
264.72449772451074,264.7
262.7205393232172,264.7
260.7094314762624,264.7
258.7101070797071,264.7
256.7204725548625,264.7
254.72648926528638,264.7
252.70948699133004,264.7
250.72133915249725,264.7
248.72460095193236,264.7
246.71738168150188,264.7
244.71892621128353,264.7
242.71677100665403,264.7
240.7079987645149,264.7
238.72326583862304,264.7

280.3935558378696,264.7000102944672
278.6656368255615,265.5639155864715
278.1099823832512,267.43650777339934
277.86697859913113,269.42472055256366
277.62422714233395,271.4108688354492
277.3804226115345,273.4056331783533
277.139149582386,275.3796852350235
277.61943359374993,277.2418212890625
279.4976000785827,277.70000000000005
281.5019907832145,277.7
283.5079282239079,277.7
285.51053124219175,277.7
287.49846433401103,277.7
289.468087786436,277.47750191688533
290.82076110839836,276.0779541015625
291.30351390838615,274.13091974258424
291.7758196145295,272.1772915944457
292.24312303066245,270.24435473680495
292.71174837052814,268.305949921906
293.1373065948485,266.3504833221436
292.0668607413768,264.8539328396321
290.06617166995994,264.7863051041961
288.07162282764904,264.7684966323897
286.0656236648559,264.75058592557906
284.06729888916016,264.7327437400818
282.0767531633377,264.71497101038693

301.29355469420557,264.70001029372213
299.5198651373387,265.4936381816864
298.73521652221683,267.29836807250973
298.2756164982915,269.246196745336
297.81924219280484,271.1803545162081
297.35724807828666,273.1383295729756
296.89847070127723,275.08267178982493
297.12141675949096,276.9682257175445
298.99760007858276,277.3999999999999
301.0019907832146,277.3999999999999
303.0079282239079,277.3999999999999
305.0105312421918,277.3999999999999
306.9984643340111,277.4
308.9799629211426,277.2015590667724
310.447265625,275.89746093749994
311.12483163475986,274.0239110272377
311.79156188964845,272.1487321853637
312.466083663702,270.25163969583804
313.13695793151857,268.364805817604
313.80464175343513,266.4882858753204
313.24251227378846,264.76575279235834
311.2586111068726,264.61108382940284
309.2604959487915,264.62892414331435
307.26071536540985,264.6467793270945
305.26446250379087,264.664603013359
303.27655375003815,264.6823521986604

322.19355355054137,264.7000091515481
320.3748378872871,265.41444033980366
319.4141229152679,267.1343966186046
318.75923767089836,269.01719169616695
318.1030615329742,270.903698092699
317.44337182641027,272.80030599907036
316.7859947681427,274.69026504158967
316.28868103027344,276.6022216796875
317.7432467460632,277.69999999999993
319.7334378615021,277.69999999999993
321.74343389440327,277.69999999999993
323.7328459143638,277.69999999999993
325.73251055330036,277.69999999999993
327.7401928424835,277.67587270736686
329.5235291302204,276.8266850829124
330.5600704669952,275.13894196748726
331.413966780901,273.33411566764113
332.27115931510923,271.5223223567008
333.12262342572205,269.72263685017816
333.9789196193218,267.9127380773424
334.767043352127,266.08379106521596
333.5696443080902,264.80131063461295
331.57030023429536,264.78292301092284
329.563671545498,264.7651652349158
327.5687069239095,264.7475106807425
325.55977789014577,264.7297325477004
323.56304402500393,264.7120623365044

343.09355240687734,264.70000915080306
341.2496826171875,265.352587890625
340.0781324386597,266.9533815383911
339.1981853872538,268.75153420865536
338.3224899291992,270.540998840332
337.44562182314695,272.33285975269973
336.565224814415,274.1319319009781
335.6884641647339,275.92340059280394
336.1877508163452,277.59884424209594
338.1694895803928,277.70000000000005
340.1855438232422,277.7
342.1805319964885,277.7
344.17261772155763,277.7
346.17445521354676,277.7
348.12697105407716,277.37551231384276
349.69542918205264,276.14664454460143
350.70821313858033,274.43126821517944
351.7081975147128,272.70402247458696
352.7110508561135,270.97182124853134
353.7091721177101,269.24779361486435
354.7114036560059,267.5166664123535
355.511181640625,265.7069091796875
353.97688446044924,264.8
351.97935276031495,264.8
349.9858081549406,264.8
347.97990207672126,264.8
345.98427829742434,264.8
343.9788452148438,264.8

364.0935524053872,264.700009150058
362.22629112601277,265.32685732245443
360.8797155380249,266.7646087646484
359.8414863824844,268.4830570220947
358.8076864242554,270.1941741943359
357.77654573023324,271.9008898258209
356.7411600466818,273.61463164687154
355.70784473717214,275.324946641922
355.126716709137,277.1428221225738
356.92797063738107,277.7
358.9314252570272,277.7
360.932532938756,277.7
362.92672815043477,277.7
364.9254633545876,277.7
366.92254624962806,277.5875308573246
368.68178668022153,276.6751056194305
369.9124325871468,275.098464334011
371.0672393634915,273.4750403150916
372.2264404788613,271.84543874710795
373.3828420525416,270.21977276671674
374.5515053167939,268.5768693372607
375.70925618410104,266.94930652379986
376.284772825241,265.17228331565855
374.383456993103,264.7918165802955
372.38656933307647,264.7739872261881
370.3875169038772,264.7561385437846
368.39818115234374,264.7383766174316
366.39351360797883,264.7204778000712
364.39957294464114,264.7026747584343

416.293550118804,264.70000800639383
414.38812255859375,265.2027160644531
412.8101971670985,266.41380089223384
411.4845756530762,267.90702972412106
410.15129461288456,269.40888652801516
408.82837350219484,270.89907352626324
407.5024948308244,272.39259202964604
406.1663682714104,273.8976541310549
404.84422396421434,275.3869661092758
403.98737716674805,277.07548599243165
405.83418729305265,277.5
407.8458192437887,277.5
409.8376778036356,277.5
411.8438251201063,277.5
413.8401376724243,277.5
415.80660285949705,277.24918365478516
417.5682217419147,276.3104917764664
419.0118290385231,274.9234669528902
420.4525059342384,273.5247515201569
421.8856263758614,272.13337245061996
423.31184415817256,270.74869499206545
424.7558851674198,269.34671342968943
426.18678796738385,267.95748741030695
427.6170246556401,266.5689081013203
428.4049701690674,264.95081634521483
426.46640625,264.70000000000005
424.45434482395643,264.70000000000005
422.45699255466457,264.70000000000005
420.4545505493879,264.7
418.45947265625,264.7
416.45832672119144,264.7

81.59782075881958,229.60701289176944
83.40746536254882,230.1
85.41039496809243,230.1
87.3969911193475,230.1
89.39155263900756,230.10000000000002
91.40129901152103,230.09999999999997
93.40284910202024,230.1
95.38378334045409,229.88005104064942
94.30270080566405,229.11721687316893
92.3028989613056,229.1
90.30248527526854,229.10000000000002
88.30268521904944,229.1
86.29762669205664,229.1
84.30964951515196,229.1
82.3063419342041,229.2416289806366

80.90174751579762,251.09414177536962
80.26323089599609,249.37550964355466
78.29393726587296,249.2
76.29128279685975,249.22963538169859
75.427982711792,250.0187854766846
77.411328125,250.2
79.33633880615234,250.5364086151123
79.60698863267899,252.38307807445526
78.98487330675125,254.2764725446701
78.36208047866822,256.17192897796633
77.73443974703551,258.08213990032675
77.37559337615969,260.0038661956787
78.93364791870118,261
80.92444186657669,261
82.94300963729621,261
84.94179010391237,261
86.92605786323549,260.9896507740021
88.33253359794618,260.2896225452423
86.36423826217653,260
84.37165689468385,260
82.3650365099311,260
80.36809200048448,260
78.65316162109376,259.25856628417966
78.86180292367936,257.3254096508026
80.22173080444337,255.9115753173828
82.17211186289788,255.6
84.17168080210686,255.6
86.17133199572564,255.59999999999997
88.1765625,255.5640625
88.91075553894044,254.76308784484863
86.93354507684708,254.6
84.933048607409,254.6
82.93681510686875,254.59999999999997
80.95577411651611,254.44904656410216
80.28659515380859,252.75134086608887

122.10057678520678,231.3935569815338
121.3394821166992,229.66596870422364
119.38433685302734,229.4
117.37425565719604,229.40003657341003
115.436669921875,229.7424560546875
116.92232103347777,230.3973737716675
118.93456068038938,230.39999999999998
120.7520290851593,231.0045925617218
121.03394813537598,232.91190195083618
120.77902712821961,234.88753975629805
120.12209510803223,236.7328411102295
118.35077768564223,237.5
116.34430295228957,237.5
114.34698178526011,237.5
112.34934461861847,237.5
110.34096900373694,237.5
108.33717293739318,237.52575821876525
107.37026405334471,238.29982566833496
109.35321474075316,238.5
111.34678268432616,238.5
113.35047741979359,238.5
115.35742187499999,238.5
117.3570869579911,238.5
119.34845428466795,238.5
121.34428558349609,238.5
123.34734935760497,238.5
125.35270786285399,238.5
127.35108203887938,238.5
129.3226161956787,238.2160213470459
127.95025062561035,237.51158714294434
125.94760131835938,237.5
123.94900283813476,237.5
122.04618958830834,237.0940838754177
121.53225860595703,235.27956619262696
121.82283191978931,233.29398188143966

135.10116844177244,259.5935627005995
134.6466339111328,259.0287048339844
133.96908264160155,260.9111511230469
133.56362228393553,262.8606811523438
133.51021479368208,264.84569580554967
134.15830945968622,266.73558063507085
135.3282002925872,268.34190065264704
136.72136230468743,269.76978454589846
136.808600616455,268.86558914184576
135.68260450363155,267.20971250534063
134.72235040664668,265.45913295745856
134.44059120416637,263.4909303426743
134.75097751617432,261.5196236610413

149.99983553886415,231.09300532341004
148.1279489994049,230.70046372413634
146.1185421347618,230.74824250936507
144.12490463256836,230.79936141967772
143.50603179931642,231.3201988220215
145.484934425354,231.581787776947
147.48081665039064,231.59999999999997
149.4625611782074,231.37511420249942

155.70116844177247,261.79356270059947
155.2132629394531,261.214437866211
154.47254104614257,263.0571346282959
154.39623146057127,265.034262084961
154.95428295135497,266.95422544479374
155.89937744140624,268.7181701660157
156.18764038085936,267.9629211425782
155.58558082580564,266.0402118682862
155.3959690093994,264.0580707550049
155.63671875,262.08476562500005

151.99355698153377,251.0994174942374
150.06324768066406,251.36746215820312
151.69082374572756,252.07742309570312
153.6918218225241,252.19773573577405
155.6855759859085,252.30648596286773
157.6738251183182,252.41493591554462
159.6739622090012,252.52403430230913
161.6807787656784,252.63349702358244
163.66424008607862,252.81572073101995
165.42371797561646,253.67643857002258
166.53181076049805,254.01192359924315
165.3599609375,252.45136718749995
163.47749695777892,251.8078487873077
161.47903646044432,251.6820460984483
159.476766705513,251.5590997099876
157.48295680768788,251.43667278643696
155.48231983184814,251.31382665634152
153.49035091400145,251.19151277542113

163.6047286272049,229.6035110414028
165.5376947402954,230.06622767448425
167.52605786323545,230.08965077400205
168.9421875,229.3953125
166.97096557617186,229.09462356567383
164.9753105163574,229.0114712715149

176.79355698153378,251.40000343024732
174.86324768066407,251.80045166015626
176.54618339538575,252.2981212615967
178.54882812500003,252.21802368164066
180.54142408370973,252.12462074607612
182.5391929626465,252.03097532987596
184.4269647598267,252.46094594001772
184.83729829788209,254.32926549911502
184.54820127934218,256.30846816450355
184.25952118169516,258.28481652531775
183.9690505027771,260.27342348098756
183.68132082223892,262.2432651400566
183.52862032055856,264.23809711337094
183.79913392066956,266.2216905117035
184.40713329315187,268.1235182285309
185.20634768009188,269.9494190871716
185.98898925781253,270.2224015235901
185.41757490634922,268.30799719095234
184.83968505859377,266.3777534484864
184.58187255859377,264.40524368286134
184.6606595873833,262.40369069576263
184.9631081581116,260.4276933670044
185.26447237599643,258.45878047682345
185.56693259477618,256.48270704746244
185.86891229301693,254.5097730189562
186.12525086402897,252.53162188529967
184.8677239894867,251.15124554634093
182.86202659606937,251.16070947647094
180.8669918060303,251.23946084976194
178.87673339843752,251.31802368164062
176.8657024383545,251.39740648269657

179.00058403015137,229.40951995849613
180.79776916503909,230.18067626953126
182.7737768009305,230.42347796708347
184.7582715438679,230.6601608263329
186.74885269012302,230.89756958689543
188.73473541587595,231.1344179853797
190.71501665115358,231.37059831619266
192.70849113464357,231.53879814147953
193.1429412841797,230.85186157226565
191.1567539215088,230.5225722312928
189.18562126159668,230.28530626297004
187.18850105404854,230.0449121639133
185.2064869403839,229.80633639097218
183.22467183992268,229.56778457332405
181.24586501121522,229.32959486246114
179.2423095703125,229.2035888671875

202.69999084845182,257.19355698153373
201.817477530241,255.4969215452671
199.87575443983079,255.2
197.88413467407224,255.2
195.8856569766998,255.26392121315
195.62971191406248,256.09353027343747
197.63179244995115,256.2
199.6272765159607,256.2
201.35062060356137,257.0246847629547
201.66786653995513,258.9390695810318
201.58077116310596,260.9422632485628
201.5010919213295,262.94502503871917
201.64673233032227,264.9467514038086
201.95492782592774,266.9197113037109
202.437646484375,268.8505859375
203.00078125,270.7796875
203.72076287269593,272.6407056331635
203.78493895530698,271.3014021396637
203.33513836860655,269.3522662639618
202.8875,267.4125
202.52072123289105,265.4454913377762
202.32394241094588,263.4497061014176
202.39076619148253,261.45196486711507
202.53499531745908,259.4688143849373
202.6807071685791,257.46527643203734

197.3001644611359,234.80701289176943
199.14670295715334,235.29869194030763
201.15,235.3
203.15591316223143,235.29869194030766
205.12368125915526,235.08005104064944
205.543603515625,234.3204345703125
203.5321083664894,234.32575248479844
201.53643120080233,234.36076436489822
199.54492187500003,234.395703125
197.56596870422365,234.5440528869629

222.69999656975267,239.49355698153377
222.29954833984374,237.56324768066406
221.7053024291992,239.24618339538574
221.7,241.25270289182663
221.7,243.25691652297974
221.9728302001953,245.13848876953125
222.58611030578612,243.27776222229005
222.7,241.27581787109375

227.09998856335875,256.30644301846627
226.1520558357239,257.9706226825714
224.21612701416018,258.3
222.21394023895263,258.3
220.4843545436859,259.1246847629547
220.1,261.041573214531
220.1,263.0442216873169
220.33013610839842,265.0093902587891
221.08120760917663,263.86953501701356
221.1,261.8677700042725
221.59714491963388,259.9839479148388
223.3986192703247,259.3
225.40419921875,259.3
227.31384453773498,258.8867841243744
228.1,257.14375
228.04826316833496,255.14421348571778
227.2465576171875,255.17979583740237

264.8976608335972,258.30472406744957
264.6620391845703,260.2731903076172
264.83228912353513,262.25674667358396
264.9644260406494,264.26271209716793
264.8778346478939,266.25973293781277
264.6011428656056,268.2378900486975
264.3269926980137,270.22020664513104
264.05320206563914,272.19992352537804
263.7788826152682,274.18346416652196
263.5057959556579,276.15809078216546
263.74609374999994,278.09074707031243
264.5642944335937,276.40352478027336
264.81731094717975,274.4158401593565
265.0725492082536,272.4377436360343
265.3291723787784,270.44891406446686
265.5854640483856,268.46265362501134
265.82548828124993,266.47579345703116
265.8727844238281,264.489824104309
265.7509521484374,262.49535522460934
265.50930175781247,260.50173950195307
265.26985321044924,258.51232261657714

237.20016446113584,272.90701289176934
239.0467029571533,273.39869194030763
241.04294128417968,273.27846374511716
240.6512939453125,272.4555419921875
238.65409126281736,272.41721687316897

240.70589593052864,236.00352018475533
242.58417963981628,236.6836741924286
244.52496981620789,237.08881022930146
246.50372123718262,237.45331707000733
248.4632179796696,237.81427699625493
250.425550699234,238.1757593393326
252.35052084922788,238.70606050491335
252.16114058494568,237.98073239326482
250.22995335906742,237.4949402794242
248.27746583223345,237.1527517437935
246.29434365183116,236.80519424825908
244.32495968490838,236.46004448086023
242.36672028303147,236.11684788465504
240.5583984375,235.9015625

240.60464631915093,244.49648895859718
239.0771240234375,244
237.1218719482422,244.35858154296875
238.6081482410431,245.01717281341553
240.5271022796631,244.54214630126953

283.501208460331,236.50702664852142
285.0535835266113,237.5577194213867
287.05477104187014,237.60050773620603
289.0125,237.81875
289.30265898704533,237.2368230342865
287.37895068526274,236.7441317975521
285.4224609375,236.4576904296875
284.2341640472413,234.9288216114044
284.0058655671776,232.93661223519592
283.7870280742646,230.94883834123613
283.56837241053586,228.96271606236695
283.35031554102903,226.98203283101319
283.1307053864003,224.98724059313537
282.8817268371583,222.9963092803955
282.045460510254,222.52188453674313
282.1703180581332,224.50473529994485
282.40003297328957,226.4802835702896
282.63220672905453,228.47697786986825
282.86301395893105,230.4619200468063
283.0936141967774,232.44508209228513
282.33237484693535,234.19027474522588
280.38666458129893,234.49999999999997
278.38463544845587,234.49999999999994
276.4196483612061,234.76186943054194
277.701693725586,235.4857330322265
279.70629768371583,235.49999999999994
281.7036071777344,235.4872833251953
283.43285036087036,236.29398703575134

282.2005802184343,258.1064510263503
282.0034170150757,260.0805675029755
281.28876342773435,261.92514114379884
280.40664062499997,263.6512939453125
281.16071910858153,264.1042002677917
281.953125,262.2671875
283.254931640625,260.8096923828125
283.29479293823243,258.813215637207
283.1753792539239,256.82298756539814
283.0557246223092,254.82874370515344
283.2148101806641,252.86495666503907
284.8472549438477,251.89999999999998
286.8613125562668,251.89999999999995
288.84642333984374,251.89999999999998
290.84272594451903,251.89999999999998
292.8512743294239,251.87517021298407
293.82973594665526,251.10017433166502
291.8603063106537,250.89999999999998
289.86013169288634,250.89999999999995
287.8523707866669,250.89999999999998
285.8548711717129,250.89999999999998
283.85364074707036,250.89999999999998
282.2021698951721,251.8444177150726
282.03483734130856,253.8057708740234
282.11169490814206,255.80406761169434
282.1886740922928,257.8055263996124

297.7001644611359,254.30701289176943
299.54670295715334,254.79869194030763
301.54760965406894,254.79999999999998
303.54033203125,254.8
305.5453125,254.7640625
307.48059501647947,254.3139888763428
306.11210937500005,253.8
304.11297933310266,253.79999999999998
302.09992940872905,253.8
300.0990508079529,253.8
298.12798271179196,253.98121452331543

302.0071773529053,241.30468740463257
303.9494943141937,241.6840196967125
305.9514133453369,241.69985389709475
307.868616104126,241.2947177886963
306.15381660461424,240.78196029663087
304.1431559562683,240.8
302.1634410858154,240.94581260681153

276.70016441345217,273.60701293945317
278.5298625946044,274.19280395507815
280.52864126898345,274.3402648195625
282.52466570623216,274.4854302331806
284.5185851961374,274.63044255971914
286.50661372244355,274.7750264525414
288.50506267547604,274.92036819458013
290.5084911346436,275.017590713501
290.9407276153564,274.3020202636719
288.96117841899394,274.0462675213814
286.95261063873767,273.9001898646355
284.9711715698242,273.75608520507814
282.96863129250704,273.61044591218234
280.97920711040496,273.4657605171204
278.982965734601,273.3205793261528
276.9906097412109,273.4059356689453

340.69355698153373,253.90000228807332
338.76324768066405,254.26708068847657
340.39647521972654,254.82037963867188
342.3971192598343,254.98997603654863
344.37933286316695,255.21186561901123
346.36338385604324,255.43396087940783
348.35887995250516,255.65733730811627
350.34953461550174,255.88017178531737
352.33440462760626,256.10235872697086
354.32885637283323,256.3181622028351
356.20488891601565,256.04136047363284
354.3125144958496,255.48978271484376
352.33413820769636,255.258731469512
350.3451547788456,255.0264414340258
348.3511012077331,254.79355926513676
346.371207707189,254.562330827117
344.3893704568967,254.33087538182735
342.393629543297,254.097796151042

382.4953126430512,236.9024899482727
382.187047201395,238.83404768705367
382.5470897197723,240.7932968854904
382.9291723787784,242.7673906236887
383.3098049640655,244.7339923143387
382.88426485061643,246.6203592777252
383.92622504234316,246.26667046546936
384.0882263839245,244.38230170756577
383.7456638395786,242.41256707757714
383.40281066894534,240.44116134643554
383.0578125,238.47262678146362

375.3941406302153,225.3999908491969
373.64554200172427,224.5544587135315
372.7842233181,222.761438035965
371.9701416015625,222.70354003906252
372.4845317840576,224.63216247558594
373.83786015510555,226.04927101135257
375.7621398448944,226.52980818748475
377.1154682159423,227.94791908264162
377.8264451801776,229.8089108169079
378.8924739837646,231.00686378479006
378.54507217407223,229.04306335449223
377.88217597007747,227.1649271130562
376.52043037414546,225.7430541038513

411.7935569815338,252.10000228807328
409.8632476806641,252.46708068847656
411.49647521972656,253.09480895996091
413.49929206371314,253.1
415.4952796515078,253.1
417.49176138602195,253.1
419.49243190288547,253.10000000000002
421.4934846881777,253.1
423.4938390731812,253.1
425.496168088913,253.02405467033387
425.59466857910155,252.19231872558595
423.611813569069,252.09999999999997
421.6036516189576,252.1
419.60053632557396,252.1
417.60212210305036,252.1
415.6146087735891,252.1
413.6052727937698,252.1

421.30465083122255,230.49751009941102
421.21723554730414,228.5584740936756
420.671240234375,226.62900390624998
420.1264427185058,224.70125885009764
419.49827270507814,222.82050170898438
418.7881565093994,223.0931095123291
419.26307439804077,225.03087863922119
419.8085257411003,226.96093723773953
420.3584716796875,228.885009765625

114.90297164916993,230.2
116.9019570350647,230.2
118.89865112304688,230.2
118.85017547607421,229.76789474487305
116.88372573852538,229.4227180480957
115.16516189575196,230.111612701416

91.79527593255042,271.09415435791016
89.95529894828796,270.48247680664065
87.9562316894531,270.64297103881836
85.97248535156248,270.92720451354984
87.64408121109008,271.4210360527038
89.63595482110976,271.67640446424485
91.61011347770692,271.66977338790895

130.89644780158997,276.19414979219437
129.08858528137208,275.4882351875305
127.09985880106689,275.60197185873983
125.11242917776107,275.7578486919403
123.10664062500001,275.91875
123.78650360107423,276.24708099365233
125.76821891367436,276.4388598948717
127.77295434474945,276.6328665494919
129.74869632720947,276.8171093463898

178.19782071113582,274.19064340591433
179.88829044699665,273.5000137209892
181.89145927429198,273.57147178649905
180.42261962890623,274.36321411132815
178.47276391983033,274.5309098720551

232.29879153966903,271.19297792315484
230.67466115951538,270.28753809928895
228.69413490295412,270.5091479301453
226.70385856628423,270.7855751991272
226.6814570426941,271.41253185272217
228.66419969797136,271.71756918430333
230.62749719619754,272.03197574615484
232.30324697494507,271.40357875823975

236.79887385368346,273.39297792315483
238.3350344181061,272.48482847809794
239.4471435546875,273.32138671875003
237.59617619514466,274.0124877929687

202.59941177666184,262.8947357185184
202.01714477539062,263.2498719215393
202.15044555664062,265.2309119224548
202.6881022453308,267.1736379146576
202.9814321398735,266.2183004558086
202.7545063972473,264.22693257331844

220.49765626788138,263.59535824656484
220.2,265.2307228088379
220.63780755996703,265.60895118713375
220.52744522094727,263.64671936035154

184.09999771267175,263.1947368621826
183.62998066544532,263.7329796075821
183.76710243225097,265.7195083618164
184.287109375,267.66132812499995
184.56162338256837,267.3313636779785
184.3454936027527,265.3447002887726
184.1172707557678,263.3537568569183

154.89765625,263.89533538222315
154.30226831436158,265.1236090183258
155.319291305542,266.0594387054443
154.98680725097657,264.0815185546875

134.4988258391619,263.1947380058467
133.64404983520507,263.6628765106201
133.9395062446594,265.62061800956724
135.15412292480468,267.1636505126953
135.12592131495475,265.6115374326706
134.61025136113165,263.67366230487823

97.6965255498886,261.8953216612339
99.28463544845583,261.4178679466247
101.26989778280259,261.6099901080131
102.86708984375,261.9963439941406
100.8819624900818,262.2882910728454
98.89208068847655,262.3800445556641

265.201173017919,262.49356727600093
265.931640625,262.6265625
266.1393748760224,264.6116780757904
265.9272491455078,266.60423889160154
265.36041870117185,268.510996389389
264.9,267.30433034896845
264.9341037750244,265.3124668121337
265.0535064697265,263.3216217041015

252.8999679863453,238.80582734942436
251.22642822265624,238.4509521484375
250.52143554687504,237.39696311950684
252.373384475708,238.1459743976593

312.8021792888641,270.0906434059143
311.1117095530033,269.4000137209893
309.1065494537354,269.4455760955811
310.39942016601566,270.2180236816407
312.3552734375,270.4181640625

305.0964889585972,263.59300994277
304.6034179687501,264.7990966796876
305.31853752136226,265.1300136566162

332.40229801535605,271.9941497921944
330.827491235733,271.29010038375856
328.82832075357436,271.4517577767373
326.8294006347656,271.61728711128234
327.3923828125,272.16130981445315
329.35923767089844,272.4686308860779
331.34471015930177,272.5766540527344

328.5976562559605,263.7941635072231
328.0402862548828,264.8152618408203
328.5654876708985,266.5696685791016
328.70688066482546,264.5915078639984

382.990716457367,247.397510099411
383.04574813842777,245.53989372253417
383.8,245.615625
383.16253929138185,247.42699546813964

357.2047240614891,270.89415435791017
359.0524500846863,270.2801330566406
361.029248046875,270.48554687499995
363.0052996635437,270.78381881713864
364.9893019676209,271.08329086303706
364.9207911849022,271.40534951686857
362.9247020021081,271.46493426859377
360.9138948336244,271.52495836317536
358.9257377624512,271.5843063354492
357.08167495727537,271.2678997039795

407.6058913707733,270.8929779291153
409.37658152580264,270.0745029687881
411.3564014896751,270.2756655797362
413.3211065039038,270.6365297660231
415.28594360351565,270.9974182128906
415.02070312499995,271.5171874999999
413.0266154289245,271.6399005889892
411.01875139325864,271.7634614527225
409.0162666320801,271.8866912841796
407.4222412109375,271.260791015625

409.59769741892813,252.49180606007576
410.90158386230473,251.4617950439453
412.8885711669922,251.73025970458983
414.87342948913573,252.00092220306396
416.1492614746094,252.61283764839172
414.17718467712405,252.97665853500365
412.2144153594971,253.3583081245422
410.2533274650574,253.21237540245056

404.3964843869209,231.19644780158995
403.776025390625,229.3134765625
403.97980117797846,227.91524238586427
404.5138423919677,229.84665260314944

355.5919677734376,256.8968444824219
353.73235945701606,256.1662840723991
352.15150451660156,255.29916076660155
354.1466911315918,255.4289680480957

250.20233459472655,265.7929550528526
250.23515625,263.815869140625
248.63535876274108,262.7911328792572
246.63543913960456,262.70056996941565
244.71965298652648,263.22465424537654
244.05442123413087,264.8330959320068
245.77260055541993,265.76965942382805
247.68813552856443,266.33722534179685
249.648046875,266.30625

248.29590644910934,264.1953147917986
248.43757095336915,262.80029144287107
250.3032554626465,263.43236236572267
250.52338027954102,265.26648864746096
249.47919263839722,266.9771794319153
249.1563293457031,265.6637390136719

178.80120846033097,229.69298250079154
180.485864675045,229.01325204968452
182.1530303955078,229.7773406982422
180.27983779907228,230.37729682922364

129.1976196706295,238.1046737611294
127.31890617012976,238.39628964066503
125.56790161132814,237.77138671874997
127.54059448242185,237.51226196289062
129.21613159179685,238.06280212402342

89.20229802131652,254.9941498041153
87.61170954704286,254.49651181697845
85.64077758789064,254.85365114212038
86.28376617431641,255.57675323486328
88.26859016418457,255.60815811157227

92.19649354219436,271.19528049826624
91.96674753427507,269.25188724398606
92.46861267089845,267.30985565185546
92.99404401779177,267.4608115196228
92.92023649215702,269.4536147117615
92.478125,271.321875

130.59302368164063,276.2951846122742
130.55035552978515,274.3746305823326
131.2,274.59999999999997
130.63691406249998,276.3161285400391

165.30000915527344,253.1918426334858
166.04534912109372,254.23604736328122
165.92318325042726,255.05286569595336

357.7046691954136,271.49644780755045
357.9206448018551,269.5844665467739
357.353508758545,267.6712280273438
356.804296875,267.707421875
356.88437500000003,269.709375
357.4203125,271.5625

408.30584105849266,271.1964523732662
408.64540152549745,269.3430230617523
407.8671875,267.5078125
407.03596329689026,265.67911925315855
406.1440229892731,263.90372037887573
406.18341541290283,265.55376014709475
406.5613854378462,267.51920427680017
406.9404401779175,269.4902889251709
407.793176651001,271.21874542236327

410.49763796925544,252.39534910917283
409.16355056762694,253.47463455200196
408.28501836061474,255.27353383302687
407.40986223220824,257.0655201911926
407.14919128417966,258.24901428222654
408.335498046875,256.63911132812495
409.5271261811256,255.03300384283065
410.4837646484375,253.293115234375

377.5002868652344,231.39282836914066
377.57976350784304,229.40591230392454
378.1158721923828,228.54519958496095
378.60719289779666,230.4869420051575

84.89415321275594,272.29824333339934
85.39182138442993,271.9278698921204
87.37292677164079,272.1541370511055
89.06844253540041,272.5763282775879
87.08772426247597,272.69055210351945
85.11938452720644,272.3617285728455

133.59532051160932,266.8953227989375
133.54673233032227,267.3017569541931
134.73011436462403,268.90403866767883
136.1578125,270.3232421875
136.18857272267343,269.65541605949403
134.8594611108303,268.15434784889226

153.29306015968325,264.7001279354095
153.70714416503907,266.52939453125
153.91555151939394,265.61680178642274

181.59066620469093,274.49882355332375
182.40626525878906,273.93228912353516
184.3689453125,273.7765625
182.6106719970703,274.5008598327637

201.29532623291016,266.2941772401333
201.12075805664062,267.6007934570313
201.7901818871498,269.49465668201447
202.6921875,270.6390625
202.27910404205323,268.6880036354065
201.58262233734132,266.80397710800173

266.59881898164747,267.99300078749656
265.69531250000006,268.896875
265.41570830345154,270.87992868423464
265.9298305511475,271.616064453125
266.5172931313515,269.7033132314682

244.8976425409317,263.79300078749657
243.6714797973633,264.4266704559326
244.56968059539795,266.1047459125519
246.09947357177737,266.208154296875
245.15504932403564,264.4565751552582

281.29415321275593,274.7982433326543
281.7734375,274.3
283.7616508483886,274.4770641326905
285.7121580600738,274.9351324081421
285.0369140625,275.40000000000003
283.0550961494446,275.19643635749816

305.99761972427365,266.2907712936401
305.1303539276123,267.71893539428714
306.01669921875,266.552685546875

329.6976197242737,265.49077129364014
328.8303539276123,266.91893539428713
329.714778137207,265.7659915924072

325.89356727600097,272.59882698282604
326.0696594238281,271.97879257202146
328.06624422669404,271.91196299791335
329.9409454345703,272.49373474121086
328.2755981445313,272.83722534179685
326.29344482421874,272.55608520507815

360.69415206909173,272.50058250576257
361.0647571206093,272.00218740701683
363.0379437327384,271.70466116666796
365.0344604492187,271.74531860351567
366.26970214843743,272.0484375000001
364.27969160079954,272.21215863227854
362.28146466016767,272.41165302395825

383.1941269338131,247.70238032341004
381.8640625,249.16249999999997
381.57558317184447,250.5861145019531
382.80771484375,249.01997070312495

421.3941452145576,230.8999588429928
420.4471940040588,229.27735247612
420.3404296874999,227.2896484375
421.284033203125,228.8216796875
421.70322265625,230.7235046386719

276.3000365912914,235.2941406607628
277.89894714355466,234.3872009277344
279.7914520263672,234.67869873046874
278.07117838859557,235.5966045856476
276.3058605194092,235.3810688018799

222.2953171014786,237.29769741892815
221.804296875,238.938671875
222.3691650390625,240.508984375
222.74363594055177,238.55583457946778

173.99782071113586,252.2906251907349
175.65327415466308,251.5002914428711
177.65245189666746,251.5
179.64984874725337,251.5
179.90643272399902,251.89882812649012
177.9443430155515,252.3117172598839
175.98286614418026,252.72161836624147
174.0639347076416,252.42381057739257

88.30216102600099,260.69296889305116
86.52794303894042,260.10135540962216
84.56249999999999,260.23749999999995
86.42885637283325,260.85741815567013

72.99355926886201,264.2000022873282
71.57831611633301,264.7021095275878
73.5426166534424,264.9964332580566
75.53588085174562,264.99999999999994
77.5423461675644,264.99999999999994
79.55026452541352,264.99999999999994
81.53382568359376,264.99999999999994
83.5280212402344,264.8094085693359
83.19502959251406,264.0742484092712
81.20407757759097,264.1145408585667
79.201889282465,264.13539698664096
77.21069979667664,264.1561385437846
75.20243391990662,264.17705798000094
73.20050964355468,264.1979113578796

109.393559268862,264.2000022873282
107.978316116333,264.7021095275878
109.9426166534424,264.9964332580566
111.93588085174562,264.99999999999994
113.94234616756441,264.99999999999994
115.95026452541353,264.99999999999994
117.93382568359377,264.99999999999994
119.92802124023439,264.8094085693359
119.59502959251407,264.0742484092712
117.60407757759097,264.1145408585667
115.60188928246501,264.13539698664096
113.61069979667666,264.1561385437846
111.60243391990662,264.17705798000094
109.6005096435547,264.1979113578796

129.8935581251979,264.1000022873283
128.1487243652344,264.55608520507815
130.09747924804685,264.8994201660156
132.06436080932616,264.65947990417476
130.9910373210907,264.0055260181427

93.3935581251979,246.20000228807328
91.60527114868164,246.70937423706053
93.52142381668092,247.09823827743529
95.5100746154785,246.8800510406494
94.55799255371093,246.20770568847655

108.3935581251979,246.20000228807328
106.60527114868164,246.70937423706053
108.52142381668092,247.09823827743529
110.51007461547852,246.8800510406494
109.55799255371093,246.20770568847655

78.29355812445283,248.60000228807328
76.4092529296875,249.0449462890625
78.25989654064178,249.4989080786705
80.21697859764099,249.187344121933
78.82812919616698,248.60319924354553

96.39355812594296,254.80000228732828
94.77812500000002,255.27460937500004
96.74605407714844,255.59870223999025
98.74218406677247,255.60000000000002
100.74294228553771,255.59673582911495
102.66046447753907,255.1684337615967
100.94833984375,254.701123046875
98.95558453500271,254.74444381445647
96.96405029296875,254.78773803710936

88.09355812594293,228.50000228732824
86.47812499999999,228.974609375
88.44605407714843,229.29870223999026
90.44218406677246,229.3
92.4429422855377,229.2967358291149
94.36046447753905,228.8684337615967
92.64833984374998,228.401123046875
90.65558453500269,228.44444381445646
88.66405029296874,228.48773803710938

150.7935581251979,264.1000022873283
149.0487243652344,264.55608520507815
150.99747924804686,264.8994201660156
152.96436080932614,264.65947990417476
151.89103732109066,264.0055260181427

186.5935581244528,264.10000228807337
184.7092529296875,264.5449462890625
186.55989654064177,264.9989080786705
188.51697859764096,264.687344121933
187.12812919616698,264.10319924354553

157.4935581251979,264.1000022873283
155.73953552246093,264.54677963256836
157.69511718749996,264.89770507812494
159.68590316772458,264.9
161.68831596374508,264.83018746376035
162.1869560241699,264.0609020233154
160.18823242187494,264.023193359375
158.19148737192154,264.0802432179451

176.49355812594294,264.1000022873283
174.87812499999998,264.57460937499997
176.84605407714844,264.89870223999026
178.83931410312653,264.9
180.84351983070374,264.8890403449535
182.58362731933593,264.2736419677734
180.6379367828369,264.00595598220826
178.648441696167,264.05117177963257
176.64639587402343,264.09667282104493

197.4935581251979,264.1000022873283
195.7394878387451,264.54677963256836
197.68286614418028,264.8990963935852
199.70195312499996,264.8908203125
201.36528320312493,264.2516845703125
199.40620117187498,264.009228515625

238.9935581251979,264.1000022873283
237.2394878387451,264.54677963256836
239.18286614418028,264.8990963935852
241.19361215233803,264.8913793504238
242.8748481750488,264.26252937316895
240.92095518112177,264.0085259437561

268.59355812519794,264.1000022873283
266.84872436523443,264.55608520507815
268.7974792480469,264.8994201660156
270.7864024996758,264.84033743739127
271.30420026779177,264.0633227825165
269.3148551940918,264.05234298706057

283.393559268862,264.1000022873283
281.9704692840576,264.6021095275879
283.9460437774658,264.89870223999026
285.93398313522334,264.9
287.93375167846676,264.9
289.93204269409176,264.9
291.9287596225738,264.7745562076569
291.9977306365966,263.9836520195007
289.99834392368786,264.01540584713223
288.00493585765355,264.0409623607993
285.99728705883024,264.06670144796374
284.01205291748045,264.09215316772463

301.59355812519794,264.1000022873283
299.84872436523443,264.55608520507815
301.7974792480469,264.8994201660156
303.7755787849427,264.7233959674835
303.1057286262513,264.01218914985657

308.1935581251979,264.1000022873283
306.4395355224609,264.54677963256836
308.3951171875,264.89770507812494
310.3891357421875,264.9
312.39995994567875,264.8417263507843
313.0873229980469,264.0762176513672
311.0887558460235,264.0197567820549
309.0898878574371,264.075280892849

322.6935581251979,264.1000022873283
320.9395355224609,264.54677963256836
322.8951171875,264.89770507812494
324.9028076171874,264.8994171142578
326.8541015625,264.5575439453125
325.40258789062494,264.0011962890625
323.3963893771171,264.07214442491534

331.2935581251979,264.1000022873283
329.54872436523436,264.55608520507815
331.49747924804694,264.8994201660156
333.48164052963256,264.81107382774354
333.6036560058594,264.0395111083984
331.601513671875,264.076806640625

343.493559268862,264.1000022873283
342.078316116333,264.6021095275879
344.04261665344234,264.8964332580566
346.0371373996138,264.9
348.04860645979636,264.9
350.03713339567173,264.9
352.0364804267883,264.9
354.03535876274105,264.86183323860166
355.4901256561278,264.12459030151365
353.5076464936136,264.0046890810132
351.51164656877506,264.0236986041069
349.5165982469915,264.0426990643144
347.5145441936329,264.06176624577495
345.51208191085607,264.0808373151347
343.5076103210449,264.099927520752

364.193559268862,264.1000022873283
362.7783161163329,264.6021095275879
364.7426166534423,264.8964332580566
366.7371373996138,264.9
368.74860645979635,264.9
370.7371333956718,264.9
372.73648042678826,264.9
374.73535876274104,264.86183323860166
376.19012565612786,264.12459030151365
374.2076464936136,264.0046890810132
372.21164656877505,264.0236986041069
370.21659824699157,264.0426990643144
368.21454419363283,264.06176624577495
366.212081910856,264.0808373151347
364.2076103210449,264.099927520752

416.59355926886207,264.1000022873283
415.17831611633306,264.6021095275879
417.14261665344236,264.8964332580566
419.13713739961383,264.9
421.1486064597964,264.9
423.13713339567187,264.9
425.13648042678824,264.9
427.1353587627411,264.86183323860166
428.59012565612784,264.12459030151365
426.60764649361363,264.0046890810132
424.61164656877514,264.0236986041069
422.6165982469916,264.0426990643144
420.61454419363287,264.06176624577495
418.6120819108561,264.0808373151347
416.60761032104494,264.099927520752

397.3935581259429,229.2000022873282
395.778125,229.674609375
397.7460540771484,229.99870223999022
399.74296598434444,230
401.7420416355134,229.9835457980633
403.3171875,229.3109375
401.3481129527092,229.10818341970443
399.34869995117185,229.15468139648436

381.093559268117,229.2000022873282
379.51592102050785,229.69298706054687
381.4824203014374,229.9990963935852
383.48604261726143,230
385.4876979231835,230
387.48412170410165,229.83691215515137
387.01744842529297,229.11321601867672
385.0074873924256,229.1262738227844
383.0134216308594,229.1638977050781

372.7935581251979,229.2000022873282
371.03953552246094,229.64677963256835
372.9951171875,229.997705078125
374.9948364257813,230
376.9569034576416,229.7103774547577
375.70097045898433,229.10271911621092
373.69477250576017,229.16558567285537

375.49355812594297,246.10000228732824
373.878125,246.57460937499997
375.84605407714844,246.89870223999023
377.8524869084358,246.90000000000003
379.8437712192536,246.89344312548636
381.70704345703126,246.3724578857422
379.8502769470215,246.00332717895506
377.8554344177246,246.04765701293945
375.8531074523926,246.09215316772458

324.99355812519786,228.00000228732824
323.2395355224609,228.44677963256837
325.1951171875,228.797705078125
327.1948364257812,228.8
329.1569034576416,228.5103774547577
327.9009704589844,227.90271911621096
325.89477250576016,227.96558567285538

336.6935581251979,228.00000228732824
334.9395355224609,228.44677963256837
336.8951171875,228.797705078125
338.8948364257812,228.8
340.8569034576416,228.5103774547577
339.6009704589843,227.90271911621096
337.59477250576015,227.96558567285538

329.1947288557887,235.5000022880733
327.913415145874,236.17289199829102
329.8864283561706,236.34712786674498
329.83113236427306,235.52165379524232

333.3935581244528,233.10000228807328
331.5092529296875,233.5449462890625
333.35327339172363,233.99985427856444
335.26398353576656,233.56843376159668
333.52750315666196,233.08964262008666

281.09355812445284,233.5000022880733
279.2092529296875,233.9449462890625
281.0532733917236,234.39985427856448
282.9639835357666,233.96843376159669
281.2025146484375,233.50057983398438

294.1935581251979,245.80000228732828
292.44872436523434,246.25608520507814
294.39747924804686,246.59942016601565
296.3755787849426,246.42339596748354
295.70572862625124,245.71218914985658

284.99355812519786,250.2000022873282
283.2395355224609,250.64677963256835
285.1951171875,250.997705078125
287.18590316772463,251
289.18831596374514,250.93018746376038
289.6869560241699,250.16090202331543
287.68823242187494,250.123193359375
285.69148737192154,250.18024321794508

415.39355812519784,251.10000228732824
413.6395355224609,251.54677963256836
415.5951171874999,251.897705078125
417.58590316772455,251.9
419.58831596374506,251.83018746376038
420.0869560241698,251.0609020233154
418.088232421875,251.023193359375
416.0914873719215,251.0802432179451

198.4935581251979,254.50000228732824
196.74872436523435,254.95608520507812
198.69747924804688,255.29942016601564
200.68938823938367,255.26295586228372
201.59470663070675,254.4965375423431
199.60542249679563,254.43497514724731

180.09355812519786,250.80000228732828
178.34872436523435,251.25608520507816
180.29747924804684,251.59942016601565
182.28938823938367,251.56295586228373
183.19470663070675,250.79653754234315
181.20542249679562,250.73497514724733

153.7935581251979,250.50000228732824
152.03948783874512,250.94677963256837
153.9828661441803,251.29909639358522
156.00061922073363,251.2618332386017
156.89470663070676,250.4965375423431
154.90542249679564,250.43497514724731

114.09355812519787,236.40000228732825
112.33953552246093,236.84677963256837
114.2951171875,237.197705078125
116.28707809448242,237.20000000000002
118.28659667968749,237.1547637939453
119.19139137268067,236.393469619751
117.20302143096924,236.3183415412903
115.19911744594575,236.37107585668565

188.6935581244528,229.79941635057332
186.81170043945315,230.01903686523437
188.69624023437495,230.661376953125
190.68201756477353,230.85267869234085
191.74669303894038,230.2944393157959
189.7862609863281,229.92779541015625

301.6935581251979,253.00000228732824
299.94872436523434,253.45608520507812
301.89747924804686,253.79942016601564
303.8893882393837,253.76295586228372
304.7947066307068,252.9965375423431
302.8054224967957,252.93497514724731

334.89355812519784,249.80000228732828
333.1487243652344,250.25608520507814
335.09747924804685,250.59942016601565
337.08938823938377,250.56295586228373
337.99470663070684,249.79653754234315
336.0054224967957,249.73497514724733

255.19356041178105,228.90000228732825
253.96137351989745,229.41569738388063
255.94256896972655,229.69643325805666
257.92637529373167,229.7
259.93412143439053,229.70000000000005
261.93003677185624,229.7
263.9389137268066,229.7
265.94168305546043,229.70000000000005
267.92578086853024,229.69996342658996
269.9087890625,229.4489013671875
269.2692736625671,228.77688150405885
267.27463110685346,228.81186400651933
265.28256576377896,228.82640462946148
263.2683777665719,228.84110673163087
261.2688477007672,228.85570184160025
259.2733590349555,228.8702674522996
257.28073512315746,228.88481215238573
255.27370973825455,228.89946197271348

215.69356041178105,229.00000228732824
214.46137351989745,229.51569738388062
216.44256896972655,229.79643325805665
218.43500618971882,229.8
220.4266931533813,229.8
222.44275991916658,229.79999999999998
224.42644550800324,229.8
226.43114795684812,229.8
228.43664302825925,229.8
230.4288333892822,229.66657404899598
230.77709608077998,228.88648767471312
228.7857498168945,228.90784683227542
226.7837497383356,228.92194542437792
224.77347412109373,228.93610229492188
222.77919924519952,228.95014648418874
220.7864175528288,228.96418015807868
218.78118851184843,228.97830148935319
216.76730792522432,228.99248374700545

213.59355926811696,245.80000228732828
212.02988929748534,246.28381881713867
213.9950927734375,246.59770507812505
215.98734283447266,246.60000000000002
217.9937627077103,246.60000000000002
219.99193330407147,246.543099886179
220.92273287773133,245.7845977306366
218.93497023582464,245.71108382940295
216.93337113261225,245.74444381445647
214.9315944671631,245.77780675888062

224.19355812594293,245.80000228732828
222.58222656249998,246.27460937500004
224.54702667593955,246.59847894907
226.54854202270508,246.60000000000005
228.53982467651366,246.60000000000002
230.530415725708,246.44994940757755
230.16026611328124,245.7154022216797
228.14887287169694,245.72549296468497
226.1434294104576,245.76333152055741

246.8935581251979,261.90000228807327
245.10527114868162,262.40937423706055
247.0214238166809,262.79823827743525
248.990185546875,262.54890136718745
247.86855468749997,261.9048828125

243.7935581251979,234.89941635057332
242.06073837280272,235.16895217895507
243.95935851335526,235.77368072271344
245.94306335449215,236.0764595031738
247.93912658691403,236.10547866821287
246.95784747600553,235.2715278029442
244.9712284088135,235.02548875808714

342.7935581251979,253.09941635057328
341.06073837280275,253.36895217895506
342.95935851335526,253.97368072271342
344.9430633544922,254.27645950317378
346.9391265869141,254.30547866821286
345.95784747600555,253.4715278029442
343.97122840881343,253.22548875808718

339.1906341791153,235.50000914931297
338.121195602417,236.23810806274415
340.07725830078124,236.2784637451172
339.43992218971255,235.50319924354554

385.99355812594297,246.10000228732824
384.3822265625,246.57460937499997
386.34702667593956,246.89847894906998
388.3485420227051,246.9
390.3398246765137,246.90000000000003
392.330415725708,246.74994940757753
391.96026611328125,246.0154022216797
389.94887287169695,246.025492964685
387.9434294104576,246.0633315205574

423.99355812519786,229.2000022873282
422.2395355224609,229.64677963256835
424.1951171875,229.997705078125
426.1859649658203,230
428.18061218261715,229.78005104064943
427.2913635253906,229.10770568847656
425.3016345977783,229.1535130500793

253.593559268862,264.1000022873283
252.17780838012695,264.6021095275879
254.1352038383484,264.89823827743527
256.1482437521219,264.9
258.15171999037267,264.9
260.14871750772,264.9
262.1437753856182,264.8890403449535
264.01612854003906,264.3721740722656
262.2161994934082,264.0020886421204
260.22471857070923,264.02471910715104
258.2061828613281,264.04765701293945
256.2164641976357,264.0702674522996
254.21879891157147,264.0929681941867

205.19355926960705,264.1000022873283
203.90828146934513,264.59755430221554
205.8878921985626,264.8971032142639
207.87956563420593,264.9
209.8855759859085,264.9
211.8738251183182,264.9
213.8887742072344,264.9
215.8807787656784,264.9
217.88785438537596,264.86622767448426
219.65960083007812,264.2195739746093
217.72784013748168,264.0028849601746
215.73394117355346,264.0183415412903
213.73264846801757,264.0338554382324
211.72558439970015,264.04941407442095
209.72991828750818,264.0648843543604
207.73323316667228,264.0803625335917
205.73787336498498,264.09583043903115

223.19355812594293,264.1000022873283
221.578125,264.57460937499997
223.54605407714843,264.89870223999026
225.54218116104602,264.9
227.54191036224364,264.9
229.53605613708493,264.7233959674835
228.95190296173092,264.01026644706724
226.9515100955963,264.0278555750847
224.96048278808593,264.0661445617676

137.69355812519788,264.2000022873282
135.93953552246091,264.6467796325683
137.89511718749998,264.9977050781249
139.89483642578122,264.99999999999994
141.85690345764158,264.71037745475763
140.60097045898434,264.1027191162109
138.59477250576018,264.16558567285534