1860.9939574915932,3813.997344836595
1834.4282220638004,3800.119798278151
1809.4959777340991,3783.441035793745
1786.0691153568862,3764.7246174521356
1764.0785820326666,3744.331937665312
1743.577348601655,3722.424607126857
1724.7887514768936,3699.0558594993727
1708.1342365628807,3674.1089480431983
1694.5669299190322,3647.387478879371
1682.26797783433,3620.0297906732885
1665.0310429316014,3603.773644099012
1655.944433659315,3632.2870927602053
1650.242638349533,3661.7463685274124
1628.7951913604047,3643.639087763848
1605.9102854735684,3624.2944814360235
1595.1718879360706,3642.571234827861
1598.3760499483906,3672.3866536231944
1593.1769694634713,3701.6414142021677
1576.0690114824101,3726.1637356469873
1560.773709336063,3739.116442737635
1559.3814207793912,3709.1583120267605
1546.689405386409,3682.6267325793888
1520.7281550765038,3668.085758626461
1491.502631234829,3661.4625365949414
1461.6957595394924,3658.258178112097
1431.714705355389,3657.0533789975434
1401.7245050668716,3657.5056629776955
1399.876322810669,3674.6746941415768
1418.4859161014901,3698.1943875120487
1436.5091936899262,3722.151718773457
1432.4143119063374,3744.723677081449
1403.2722941680113,3738.242015649448
1375.5617440453025,3726.799871383153
1348.6040713813454,3713.609860682316
1322.4032373540722,3699.0374071281713
1296.9747102168099,3683.1092999587154
1272.3940220532681,3665.916671061037
1248.6804493736195,3647.5448825301464
1225.8495258514304,3628.1002298208186
1203.2517818565248,3608.3586701627355
1182.1206281334162,3606.755412787199
1163.3150329589844,3630.1319580078125
1141.9424019951693,3651.144829448138
1119.041495271027,3661.644440703094
1137.0414736534149,3637.7347451185196
1156.5587059466634,3614.963166032685
1172.9181598406285,3589.882916191593
1159.1607729748357,3571.154300790513
1138.1771157198527,3591.9195014498837
1122.181561659212,3617.3004206455753
1110.1760450216243,3619.5621574338293
1121.267040852108,3591.7273839333793
1134.887116023352,3564.8889726033103
1147.4460722764343,3537.6596829517657
1154.5399942472577,3508.6191770359874
1150.4467155526218,3479.025251152736
1171.5935448750388,3486.965483196196
1194.2935771991597,3506.5997163820775
1217.7795049777433,3525.262481775937
1241.8794322917238,3537.1776335360482
1222.5997777590583,3514.290807638563
1200.9770267364802,3493.8822467211867
1178.7110198114533,3473.780737203895
1156.2941143450885,3453.853696581791
1132.7543126121454,3435.2925106878247
1105.2884797417973,3432.561858829218
1087.5612937000114,3456.6084944823524
1071.4450701049361,3481.9131724003005
1053.158400352113,3505.6921735415235
1033.0540436266583,3527.949361200628
1011.3077701518362,3548.5969973537167
987.6849704270862,3567.048046501397
960.7825553311541,3579.81894820474
957.8710198402405,3560.911328792572
984.4295577090761,3548.4022569639346
1005.6836921146369,3527.2572227135097
1024.9781912475592,3504.299562727101
1043.1699857407948,3480.449821022339
1060.5919385217276,3456.0329665773315
1077.6470202484688,3431.339451019023
1091.1981458332157,3404.7483900606167
1081.4861840327503,3377.3931040948955
1069.121827433817,3350.140865390189
1062.5800286452431,3320.8919454312563
1054.0995704745874,3292.1349846487865
1042.8077122117393,3264.3500937167555
1016.7718634314151,3263.1705683038745
990.3037859143224,3277.236287876265
965.4730479166319,3294.064970450272
941.5587490180151,3312.172170667389
918.4508643284789,3331.3054113611815
895.2292897161169,3350.3064989190852
871.440002424235,3368.5873292364176
846.9731917493045,3385.934934109566
821.6060409019701,3401.946388314551
794.9076161129051,3415.5807358059155
765.9334285580553,3422.0295726725453
763.6648272937164,3408.1294915638864
791.7481060940772,3401.1376084320946
816.361860456178,3384.0003787437454
841.1695548295975,3367.1448521614075
867.099060411274,3352.4140624296997
890.3654697798193,3333.4778328286484
912.9460438278256,3313.7405966022216
935.7377546297212,3294.2448356840323
959.6744319375139,3276.1510018584086
984.8130292634014,3259.809794849367
1012.1663933929522,3247.646089520771
1033.7340315148758,3228.485846866446
1037.0665524601936,3198.758273422718
1041.661388556473,3169.1545784575865
1050.2996428245679,3140.444477372803
1065.0707965645706,3114.430051790274
1082.8480102261528,3090.2628305555554
1101.3851512377005,3066.673325476966
1120.334955441258,3043.4336730419836
1139.5975426917419,3020.4260261929335
1159.097635856903,2997.6326778123453
1178.8216423640617,2975.022262203481
1198.7539375666809,2952.603119736071
1218.9106782547187,2930.3792954046057
1239.30821452107,2908.3923171025153
1260.019491733786,2886.6825126161166
1281.151905777937,2865.378460389931
1302.9726220445864,2844.798370736899
1324.993159716134,2824.4293444704963
1346.5510892266411,2803.585152790509
1367.8058567439894,2782.3991839343926
1388.74058785745,2760.907802852904
1409.253314463058,2739.025321456036
1429.2596679840353,2716.6691718578804
1449.2373188278289,2694.2942029128317
1452.0945458727947,2684.388492334838
1424.654383767036,2696.5455261791612
1397.2376990978664,2708.6921586275275
1369.911302038931,2721.111431143624
1342.9681582594349,2734.2847857599554
1316.4197860003042,2748.2645615200454
1290.4229384295177,2763.2060785603244
1265.081210199045,2779.2553430523258
1240.501117807933,2796.4667308710887
1216.7452323798357,2814.790216172503
1193.7960190166305,2834.101919248049
1171.562788890706,2854.2490708092896
1149.9567228016276,2875.042804021632
1128.8879807712583,2896.4110188480045
1108.807520431008,2918.7001483403656
1090.1689782322574,2942.1998249587996
1073.4473331145637,2967.0869908817767
1059.0822935373217,2993.4008238590977
1047.3211661322857,3021.003064703953
1038.1409857302133,3049.541079872586
1031.2187507178542,3078.739502845884
1026.1371307373047,3108.285110473633
1022.4705657005397,3138.0598994374013
1017.6642846770555,3167.6663497962145
1004.3561988291331,3187.3184402250918
992.6079349517822,3159.932535648346
986.5400833250023,3130.575254513533
983.9638989227824,3100.700316017377
987.1935164331517,3070.960104739832
995.9724430292845,3042.2898944839835
1007.6620849463507,3014.6822776950867
1016.9680368006229,2986.221227891743
1020.3467461123819,2956.478573080987
1026.7659269686555,2927.2019516053842
1035.7650903448375,2898.588305255558
1045.9454540357692,2870.3728943081805
1056.9849380594587,2842.4726111382206
1068.7990179835524,2814.9058177064453
1081.4659719883548,2787.7095427329205
1095.247601898809,2761.0593857302883
1111.2798312609812,2735.7405118199094
1130.1305359928083,2712.3976132070093
1150.917430491536,2690.7904972027754
1173.4787747228984,2671.034615563927
1170.2766829077154,2660.4110673163086
1140.4108270626673,2661.8952336231505
1111.6337476815863,2670.231837595058
1084.1925727094456,2682.3225410880405
1057.906435194136,2696.7742952823937
1032.6434103539361,2712.9307652028747
1008.297764314384,2730.469573753817
984.8655502158274,2749.19120350095
962.3523613883881,2769.0167619760614
940.8317176530579,2789.9219307288126
920.4586487155157,2811.922398172126
901.4563710341554,2835.1268756073296
884.2432983819035,2859.695258632697
869.588783070086,2885.851793287704
857.6972109839116,2913.394633990698
848.5800285740049,2941.947666175989
843.1320611414103,2971.4333994434364
842.2587738892616,3001.3732631861494
846.4552330227762,3031.0448878599036
855.4980156108775,3059.62148064422
868.567243068479,3086.6010510446504
884.6822021276892,3111.8848600664305
903.0140885167475,3135.633972382502
919.7502998373238,3160.422005858738
907.183780165491,3168.88495066468
885.0961491468497,3148.63601509987
865.430021254555,3125.982899626335
847.7196015085119,3101.7779416941303
832.9722643008663,3075.68837332765
822.9336922362727,3047.4413377137043
815.4498654147994,3018.396921323055
809.4205164729065,2989.010450582675
804.4255227849044,2959.4245808422766
800.2667275418262,2929.727217055899
796.8359615768859,2899.9169325244584
794.0900719074561,2870.053422970246
792.0170114427349,2840.1220798653203
790.6425594386983,2810.160933447298
790.0249603636023,2780.151738488609
790.065829833854,2750.164308899948
790.4974043630064,2720.1718029212207
791.8469605990686,2690.2007920232136
795.7218692391107,2660.470914170899
805.769255655352,2632.3063871760387
821.7284738883609,2606.9230489629554
835.3550314866006,2601.433220042847
831.3966114339419,2631.1554523195373
826.8113023382612,2660.8017164510675
823.92275623148,2690.6558071793143
822.0865093767643,2720.610223442316
821.0185523889959,2750.586901511997
820.6851300391718,2780.5733880828484
821.2867234300293,2810.573477856052
823.9108411302441,2840.4376814854913
844.0418462483212,2839.7127472773427
867.607817709446,2821.1700084134936
890.6682412633672,2801.978226968902
913.5957396913363,2782.6208328254415
936.7982270212325,2763.609414574613
960.3073039285372,2744.964976872175
984.1911289035261,2726.7981457066107
1008.5253883560072,2709.2752817928995
1033.4600799100372,2692.6041041161025
1059.158342925366,2677.1364870251855
1085.8505473747073,2663.4289117005937
1113.7494138208494,2652.442959331367
1142.9388340593941,2645.7632807810132
1172.8636167685618,2645.624505230764
1202.399847008288,2650.82140125148
1194.964821685775,2670.60477125374
1176.899350125237,2694.5520242525927
1158.7389493728697,2718.4342511933064
1141.5213595567911,2742.99850417336
1126.0356410465029,2768.680505177588
1112.0773336817815,2795.227023410798
1099.2113099247217,2822.339083492756
1087.0705241351934,2849.7622764381085
1075.3815432677693,2877.3850897569355
1063.970970317548,2905.1456556448957
1081.2286392120877,2898.6128008540836
1104.068909244772,2879.1670759502085
1126.346211983473,2859.0792127734167
1148.2812971488304,2838.6228612358527
1170.4596948789058,2818.4202944377994
1193.0956643113775,2798.7477938857655
1216.3575858505938,2779.808380297807
1240.3825505546372,2761.849315292431
1265.265974741793,2745.07798071242
1290.973169783552,2729.6211167316796
1317.4010874799553,2715.4389538577507
1344.4004550160969,2702.366152587674
1371.8241347292676,2690.179047743197
1399.5203197025116,2678.6697656454126
1427.4137833070727,2667.645152430401
1455.4600300360414,2656.9535411358174
1483.6557279915723,2646.74525673101
1512.8570775985718,2642.0038208961487
1516.8963686523311,2669.690962470997
1511.3017571289092,2699.162391908467
1524.9810544166248,2702.823646577541
1551.6786049604416,2689.164434671402
1579.0975254880177,2677.0652958824703
1608.3105473737378,2670.431913104714
1638.1846428095596,2667.9064974529174
1668.181033950017,2667.123933790406
1698.184176746172,2667.0152950260326
1728.169820578869,2667.699353566024
1758.108016285114,2669.4825056130067
1787.902889863588,2673.0142165748402
1799.7416471203323,2691.5626567065483
1777.2934165203478,2711.299102872028
1752.7906071898324,2728.600507339521
1728.8850249135867,2746.7337437458336
1736.9852535990503,2751.350273589196
1765.1579993512005,2741.068288596427
1792.9933406682248,2729.8991094300873
1820.563833505504,2718.0585431347345
1847.6228446658934,2705.117201532703
1867.2483570864424,2683.32539457269
1879.8278394481167,2656.1044333893806
1886.7617823438923,2626.9945951246755
1887.7781511088688,2597.038866423163
1885.7908062118659,2567.099714427566
1882.6529122977536,2537.276309048265
1879.0092781729163,2507.491161888208
1875.1191814403737,2477.7486215766457
1871.0982168145267,2448.017518816331
1867.0494355356132,2418.298649842065
1863.5207358124317,2388.5097438364755
1860.4196904359924,2358.657938848337
1857.73125417158,2328.795225992799
1855.4401798471517,2298.8654743615916
1852.6411357369798,2269.0039121248265
1849.5619127303362,2239.173750244081
1852.132918367046,2209.5999627662823
1861.0012729279024,2180.947623337488
1872.0281440237304,2153.0570922112092
1886.6735762950702,2126.9869015821023
1894.8361446857452,2103.933218567443
1892.76468449831,2074.446039378643
1905.273349761963,2066.312383465469
1903.0268576554954,2036.4008509274572
1901.0083167787889,2006.4649460570254
1899.2182245792937,1976.5095821196737
1897.6257868404718,1946.555821294005
1896.2614457322707,1916.5859206636123
1894.4719456168023,1886.6445246641163
1891.6228741893938,1856.7717125110291
1887.6124746024798,1827.0507022814866
1882.3526823918728,1797.5158951339188
1875.8800616796143,1768.2348091501538
1868.317105049813,1739.2003806298378
1859.8416739778404,1710.412657612075
1850.6454540800187,1681.8763703984569
1840.8740312303635,1653.508425928432
1830.66795374512,1625.3005221524247
1820.1255252063274,1597.2067628158256
1809.3318824936941,1569.2153550255637
1798.3199872516993,1541.312547448289
1787.4103336874687,1513.3624134735728
1776.8520861023862,1485.2790183303005
1766.5980967723713,1457.0923828710834
1756.612368075389,1428.7981434248377
1746.8846340988057,1400.4164335842906
1737.4151754602499,1371.9573118256812
1728.2080019074397,1343.3950187293626
1719.3043877388927,1314.7540031695028
1710.7619147368373,1285.9979076828245
1702.7162166119087,1257.0870996566955
1695.543583370385,1227.9698808787543
1692.3507844805717,1198.47343480587
1707.6345826989273,1223.6786066305358
1719.841663652449,1251.088717329083
1731.1986170524178,1278.8547069656488
1742.2110923417913,1306.7511238177249
1753.727692755041,1334.4667734398972
1765.6349901758706,1361.9874100847846
1777.8684957480928,1389.4001511921815
1790.354076243105,1416.6740735760868
1803.0674140535368,1443.836674322824
1816.0019344299242,1470.917142780368
1829.1366643345807,1497.8877956143224
1842.4778660727807,1524.7535093023616
1856.0451548980782,1551.5172259081155
1869.853739612803,1578.1339499077585
1883.97456788372,1604.5990193255748
1898.5260032806812,1630.8503211781826
1913.772934497618,1656.6725640787809
1931.2208745008247,1681.009273204254
1957.1388910970418,1676.4575908386614
1965.463469428345,1647.8437227275863
1967.92026873322,1617.9508589978323
1968.4743847242773,1587.9723692457487
1968.1028314131001,1557.9604492765034
1967.1976939709318,1527.985192290876
1965.9629455054437,1498.0058398233393
1964.6411259319866,1468.0369666803308
1962.9649355963484,1438.0866838145685
1960.9683788821712,1408.1456904738825
1958.655436078363,1378.2315183606097
1955.9866405940702,1348.3544196163475
1952.8139878772636,1318.524813465685
1948.450855731964,1288.857192993164
1943.7281089720927,1259.235886989627
1939.421665570946,1229.5392846898176
1935.4100278537903,1199.8198203803702
1928.9550120528984,1170.5296964480822
1921.0909820761244,1141.5692012708134
1912.441385556543,1112.8420797328129
1903.2575365090554,1084.285545164089
1893.6711620664946,1055.8673051693056
1883.7510009023704,1027.5410495952738
1873.5616927192755,999.3358500439313
1863.1238330904393,971.2070731499475
1852.467727195759,943.1691111840646
1841.5981259772623,915.1899205839235
1830.5398135045366,887.3045725772461
1819.2977531582583,859.5081585136941
1807.8585106032813,831.7613748284897
1796.2350326948251,804.0984956854198
1784.4279221068236,776.5308721428859
1772.4174227735748,749.0312331108162
1760.2088132260028,721.6393390056603
1747.7726075991955,694.327000525281
1735.1083374023438,667.1433410644531
1722.2134456441852,640.0490484123064
1709.2998773658749,612.9627755253396
1695.9866890907288,586.101053237915
1681.0933893949677,560.0730119884756
1662.2854600548744,536.7585546970367
1638.3373769980826,518.8264207180473
1611.4615796219023,505.52903328097455
1583.5914234748423,494.4221148261304
1555.418987540644,484.1376265930638
1527.1448254099212,474.0871894758229
1498.8463230490743,464.1255648486258
1470.5195914663454,454.2857528251516
1442.175492391416,444.43990788333394
1413.7637940153945,435.01578135299496
1383.76346474628,435.3987642798347
1353.774244811982,435.78160538537895
1323.785484618636,436.16444062188975
1293.7784769039604,436.54750880548136
1263.7830040789527,436.9304297351623
1233.7848137916285,437.31338535585155
1203.785428523454,437.6963562316155
1173.7872724057763,438.07805378332637
1143.7888219731885,438.4056013635351
1113.7903638851067,438.6348493212156
1083.7948613145709,438.7340349363367
1053.7863116007811,438.6510925974526
1023.7895405692382,438.2894306595947
993.8072739449156,437.4252933542923
963.9044065847993,435.13832504302263
971.5850343704224,422.4393138885498
994.0605497639626,414.9147577378899
964.2098172290716,417.31289569009095
935.194566152757,424.85778279881924
907.2883838465496,435.8360330100404
880.4683556130622,449.2313484447077
854.90625,464.9375
831.4053629909176,483.51849530730397
813.8774186588125,507.5883381481981
803.3224078947678,535.6392956702039
795.5185621514374,564.6061446594922
789.2155727338784,593.939104789499
783.8977583734456,623.4523923852723
779.2883263119729,653.1001145796617
775.2262364352862,682.8342604512375
771.6065231805987,712.6163856953644
768.3553453761872,742.420590689512
765.4132355938873,772.2832701153948
762.7416897246003,802.1733715788723
759.8478472370862,832.0276542297706
756.3230318854094,861.8191389559888
752.0497856355505,891.4992020920618
744.994977540453,920.5776861684863
736.634813938188,949.3791625378944
729.0156563779692,978.403056877858
721.7306724841346,1007.5002065963381
714.7197757441518,1036.6641516275813
707.9280820813728,1065.89051739173
700.8124540499246,1095.030398747812
693.3088720239127,1124.075459467681
685.4843614749414,1153.0391149272605
677.3750014333054,1181.9300246424973
669.0036044321723,1210.7317096529837
660.3672388260666,1239.461425312696
651.4528336773626,1268.115435636796
642.235604036483,1296.6640929621644
632.6549766567459,1325.093339838968
622.6048454860011,1353.3477923182581
611.8432836111315,1381.3450485416106
599.8911284490023,1408.8573896117741
589.1750172283209,1436.876739785701
579.7793140383146,1465.362117285069
569.0802809317829,1493.3397301536752
552.2339866235852,1517.9897985979915
531.3536150287837,1538.708990718238
522.8255544286221,1567.2977709034458
509.798567077145,1594.3192011164501
495.4915602453184,1620.6780953057605
482.00427647161996,1647.4689275509445
469.70745719463594,1674.834740453647
458.7817300958486,1702.7740724709438
449.36370157956844,1731.2549591603456
441.52710670738907,1760.2104730482188
435.27233350027643,1789.5462246985587
430.52992775896564,1819.1569821583107
427.17433029836593,1848.9762820838496
425.0577636915259,1878.8949014982209
424.01734924316406,1908.8804016113281
423.8986350513172,1938.873370323471
424.56030849487854,1968.8697586271621
425.87804054517244,1998.8322272105631
427.74643061564655,2028.7719107141936
430.0759242949425,2058.6822202176554
432.7912733415311,2088.5602402054346
435.83000943204945,2118.4098222080197
436.71566471166443,2148.3759376750095
434.9546485659573,2178.309734907938
431.8908075384909,2208.1607624788385
427.8732659284017,2237.889647960461
422.95803380105644,2267.475033462979
416.94947284656223,2296.866262743887
408.93490383494645,2325.760477934964
392.21454372136213,2349.309101597668
382.8659766895671,2377.7660153009965
376.2010588005012,2407.019035064948
370.7819321315417,2436.523777043401
366.24799003657813,2466.171957032568
362.471536573139,2495.9328113973606
359.42685914752497,2525.788548956511
357.1594077464397,2555.6883990093775
355.68770995780187,2585.6516174804838
354.5994315307739,2615.637750487851
354.38099385867827,2645.6341595622944
355.7906629685326,2675.593197900753
360.02378004430284,2705.2764052917755
368.2691053856688,2734.0932815456617
380.5062567384848,2761.462797987975
395.42865147080374,2787.4683801000883
411.7499862283039,2812.654924895911
428.75238855945645,2837.364891174904
440.0056539997149,2828.450421483987
443.8433092460036,2798.8139941245317
466.50841154903173,2796.8777685910463
483.89081185327086,2821.2752828301745
502.6220616680803,2844.660127919633
525.6605987548828,2836.7647018432617
544.4019115841947,2813.371188737685
562.2175702368841,2789.2292004507035
581.6611228091642,2766.3946848567575
602.167041031212,2744.4868625751096
623.4160876359012,2723.319971067018
645.3135123280081,2702.8141146028356
667.843640866208,2683.0108822802226
691.1025052651676,2664.0696231695183
715.3766962800964,2646.455998798996
741.3742951220484,2631.5077261118568
762.3639930970967,2620.9330717287958
738.1679610558785,2638.6768285590224
714.6079096817284,2657.239677066844
692.166351024518,2677.125856530669
670.4289001193422,2697.810144516504
649.2510414123535,2719.066349029541
628.5728284596132,2740.8003162592736
608.3922987838305,2762.9857557166397
588.7593798672335,2785.6645186810583
569.8403697493632,2808.951756241746
552.1252482572545,2833.140169119355
537.4180403210921,2859.259820652005
521.75,2884.734375
503.6095592237689,2862.859077174173
480.0649473145604,2844.2987104859203
457.2057057339698,2828.146074803546
462.5069103073329,2857.681357426569
469.09338437394763,2886.926457138514
478.7651407233643,2915.3068039782083
491.04939338273834,2942.6530813875142
492.6164068375947,2971.3408319058362
468.38875561855093,2956.5568043677195
449.2081718444824,2933.4999618530273
431.6514141687312,2909.189724957443
415.07637091403626,2884.187285425103
399.25554317235947,2858.6852291822433
384.11290411693517,2832.803015227055
369.59534246637486,2806.5513835627935
355.32604579627514,2780.153184723109
341.0641201112885,2753.7686222058837
326.98139929771423,2746.7235388606787
313.4377016409999,2773.4963754261844
305.1638589688664,2802.270977582957
300.87748591905984,2831.9573517509853
300.38370341062546,2861.91342858228
305.0899433903396,2891.5101047112134
314.29596738517284,2920.04357930904
326.9478637576103,2947.212945567182
342.22434014081955,2973.034847058967
359.4843551516533,2997.5618850554165
378.2914649695158,3020.9358584095717
398.3123554699123,3043.269590815926
417.9510612487793,3065.9345020353794
401.55112434364855,3057.738561702892
379.28744705210556,3037.6378676703607
358.4493534218054,3016.059543797979
338.2416013581678,2993.925040492788
313.17640590667725,2978.456340074539
288.48052701191045,2961.486237591773
265.67175879467686,2942.0014635458792
242.19554234016687,2923.3362763756886
224.16465145454276,2920.616014662548
234.76689162675757,2948.681776011712
247.13451834938314,2976.0067830211337
260.51605564478086,3002.8559951821862
274.4892285656315,3029.3957836125855
289.1662028784849,3055.559884451458
304.6170445382595,3081.2783380495384
320.7530371681787,3106.561840030292
337.4040214479246,3131.514747468802
354.38722468027845,3156.2395539983845
367.90302508324385,3179.3282003328204
345.21395967340504,3159.810652681772
326.14289981126785,3136.6606739759445
308.7406144142151,3112.2269430160522
291.6076459547039,3087.5946610659594
273.91749778151643,3063.382452402415
255.80844402313232,3039.4675183296204
236.96946457310696,3016.1278339815763
216.95090125207207,2993.773861395166
201.82797486707568,2982.0718156918883
205.8802416320541,3011.7884386350634
209.95197510451544,3041.5020282110345
216.82165908813477,3070.696430683136
226.89364965772256,3098.920977155911
237.75412421440706,3126.8713588074315
248.5602965738417,3154.2188708148497
270.98608921838786,3174.043497209186
296.5182137078518,3189.75045346815
323.9226815995262,3201.8985641598883
352.69201042846544,3210.388940579185
357.3622115691833,3219.024306158608
327.69205474853516,3215.245937347412
299.3247329995502,3205.5521576403407
273.05617153048297,3191.15187423345
250.37426688658888,3171.6515451900923
233.66389286518097,3146.806397050619
208.89977922849357,3131.2209697277285
178.97792556197965,3130.1118555724097
163.24487848431454,3145.474022321956
180.90911987781874,3169.6538529816607
200.61118578459673,3192.300107215808
220.73081052595217,3214.5476978693687
240.97574418281528,3236.651974713166
261.4000677760632,3258.646485279751
283.32921201133286,3279.1045556926692
306.3762787352607,3298.299865359586
330.22838158052764,3316.502083811647
354.87031899925205,3333.58947182828
380.3909250593133,3349.351455298136
406.2239646911621,3364.613494873047
432.96266842832847,3378.124283133191
424.60602579440456,3357.771308833151
442.71940240655385,3361.1975154765096
468.42780184024014,3376.5981310724746
482.6404506349936,3400.653806677088
471.12241116468795,3424.9279805324622
444.6962108463049,3439.050421010703
416.8738511612173,3450.250459535513
401.446259976452,3459
431.4536989238113,3459
461.4273554628053,3459.6844391515224
490.8766989558935,3464.8827649205923
515.1747902426869,3481.8894717339426
538.4208840759093,3500.501805467793
566.9057984194806,3509.633342779038
596.5105853002078,3514.436488808151
626.2891054357315,3518.084294860364
653.497060187161,3527.061503721401
629.6785825937986,3544.814412147738
606.1051160783973,3563.3364541903866
583.4134608136956,3582.962469613878
570.3508758544922,3597.3947372436523
599.076610521879,3588.7770168434363
627.9248967475723,3580.4906719722785
657.1346199937216,3573.733157140181
686.6482999556865,3568.3184629411917
716.3531582001597,3564.2103907875717
746.2336574371147,3561.5221352074877
773.0872334767046,3550.395214765973
796.243730361597,3531.3156995244135
818.46300294502,3511.154088727606
840.1236116297487,3490.4140925693573
862.0449366867542,3469.916380800307
884.2423900145732,3449.7397135152332
906.7129320293388,3429.872762739973
929.4863304868413,3410.3556168036394
952.6885730343056,3391.3165271070466
976.7927201427519,3373.473512013443
984.9864705362997,3385.5267706197337
964.0474822614342,3406.962762337178
941.2524034784001,3426.4532911567367
917.710854591729,3445.0690419368766
894.2728583887219,3463.798726297915
871.3335540470289,3483.1075064394827
848.868541698992,3502.9995162054784
827.1789903630997,3523.729238545653
805.0471544259199,3543.916709185083
781.1754922763375,3562.1022550135276
756.5098686005222,3579.1772813939024
731.0277425213717,3594.991340862587
705.5678582492401,3610.840209066635
681.8168326937594,3629.099547026679
667.706913956441,3631.7140254806727
688.238825753695,3609.939214989179
706.5777936252998,3586.464783164556
680.0573091099504,3584.4764037928544
650.6508277588619,3590.420173657498
621.5964315923309,3597.8751386338804
592.4261204048107,3604.834021337663
562.6906846180354,3607.4458126024547
565.1655284236567,3583.1435229911203
583.0398856004904,3559.0686065734335
575.570487458448,3540.1100927436055
549.9863415956497,3550.3492587804794
523.4556587295374,3560.006420963444
495.23548405790643,3569.5165010221535
469.79413684223255,3585.3586602775613
446.0908219582434,3603.7578686808956
422.4215262243524,3622.1803416814655
397.6778970377036,3639.132501346019
371.9947415531585,3654.6181641702046
345.4431960099191,3668.558212488202
318.03370428085327,3680.757668495178
289.77744665771206,3690.7950161848385
260.62235745570615,3697.8258633233963
230.75509973515318,3699.9382832834985
200.8419394232892,3697.8369817056114
171.35047029515772,3692.4589326099067
142.80145990026722,3683.330151160817
116.02549762674607,3669.881040399545
92.35618264196455,3651.5416614612423
73.78735686750952,3628.099778221489
62.63283583521843,3600.359536747448
63.34232896246249,3570.5086219038585
69.81934716249089,3541.238665895317
78.93804034549976,3512.6765810877496
89.97370982175926,3484.7710073095022
102.75766454444965,3457.6378566197727
117.480668438664,3431.5143902718437
134.8499382748705,3407.0689559025195
153.97484439518303,3383.972609876655
173.9154556170106,3361.5403015986085
194.460807941854,3339.697705887258
215.46743096903083,3318.2759428985155
235.61963899320108,3296.0665720043908
252.45321728498675,3271.4699907501927
231.88197596522855,3250.024846254826
212.50085415839908,3227.1239688815913
193.94534746467184,3203.559637734566
176.0837376177567,3179.4539874424268
159.2381876137806,3154.6393225661013
152.62748003005981,3127.502508163452
180.86126680660527,3120.039910352323
210.52968323230743,3116.754534304142
216.0552091859281,3092.089453259483
202.9119989463361,3066.117375623202
197.41699077833619,3036.6430706844258
194.01666625839425,3006.8277738311444
190.93091679736972,2976.998862374574
210.4223476946354,2972.712849467993
235.63152704411186,2973.4860917021288
219.885917022566,2947.9989235930043
210.91851071480778,2919.5321719155763
218.3189118267328,2891.8757196458173
245.77732645417564,2899.2987034695834
270.06139200530015,2916.895077535024
293.3953941026848,2935.726016372879
307.0096423756331,2931.9562069633976
293.89773386123125,2906.261427347781
290.72510928432166,2876.453109529655
290.02394542160255,2846.452886070945
291.31977830827236,2816.496174685657
296.07464730739594,2786.9017812609673
306.0831232070923,2758.6788334846497
319.8836942713242,2732.043203035544
330.6087405513972,2704.06741175754
336.5709163106221,2674.6931052243963
340.04823655239306,2644.90096167702
342.43714368584915,2614.987492014734
344.32009870631737,2585.0603458597398
346.02656691582524,2555.0969219817525
347.9722186106774,2525.1740663047785
350.353888804093,2495.2586996632162
353.4399685887729,2465.425583817356
357.6875921943174,2435.7299692572014
363.8094826215238,2406.360357018555
372.63202729824116,2377.707953950234
384.4443495225569,2350.1384860255894
392.0513246644987,2321.426842204295
382.8495240510383,2293.1825550754584
379.3200842346996,2263.431050335057
380.0290179459844,2233.454524560715
383.5492299830621,2203.6776190432156
389.7364144757448,2174.331262500069
399.2972893698643,2145.922157732797
411.99794762213605,2118.7477475476153
420.14969051360094,2089.998500946589
417.31588272850786,2060.282889639464
412.8828618549762,2030.6459712510152
411.4079122173805,2000.6811540763372
411.1347249711332,1970.6849222955777
411.6332301951386,1940.7064279339863
412.7421594469197,1910.726713744094
414.4080895990396,1880.7639549516614
416.6495292138236,1850.8415567363747
419.57168560112586,1820.9833854349254
423.4551646228647,1791.2554203787586
429.2516113132151,1761.8182818708156
441.76398014836013,1734.723700885661
449.9803027056623,1706.0374108793912
457.58326149953064,1677.1458162664203
468.9999816311756,1649.4101169361966
481.8095385244287,1622.2967119573423
495.1066081201425,1595.3926251078956
507.7607767779409,1568.2030062708654
519.0301762489835,1540.4177153636701
534.9422556062927,1516.1942265515681
554.9509461744456,1494.3982149283402
567.8281690991716,1467.324897651095
576.3551291837794,1438.5961425267596
585.6899346801365,1410.0832957191305
597.097038269043,1382.33296585083
608.1093990289082,1354.4363741543057
618.4067081205014,1326.2651406840112
628.2817176814765,1297.9433893999178
637.8541630946461,1269.509248490988
647.1783955709402,1240.9905461011501
656.2797668964265,1212.4043534181853
665.1693941548037,1183.748434957166
673.8383758820737,1155.0300297888257
682.2652720299607,1126.2331560108216
690.392422767811,1097.3615886485445
698.1130521660737,1068.3716657948053
705.1404675245285,1039.210509121418
709.9930762131444,1009.6333324306233
715.5392112731934,980.2133903503418
723.4438968157629,951.2645851030247
732.2843033525987,922.6031469320151
739.6982823302969,893.529563806951
745.3413576483727,864.0819144248962
749.1489040341548,834.320298035047
750.2168305793311,804.3478466792731
752.0535064086034,774.4156431176762
755.1524337707378,744.5709361707704
759.1058083290955,714.83110494635
763.686031686188,685.1947675261902
768.7571378160392,655.6234753125846
774.2220337448402,626.1269697401578
780.0140637820878,596.6966266998934
786.0869170256706,567.311694821454
792.6450361266179,538.0306126972573
801.1426674628019,509.29242304850777
815.663895872698,483.1946441326727
837.7400087654678,463.0016892772401
862.9036555456696,446.6669618980959
890.4699007648742,435.4434635650832
914.9519504139153,418.4114605890063
943.6536434171867,409.78079331223853
973.0832414896356,404.00909830706587
1002.7550479035854,399.6218749976251
1032.573206057478,396.1922408883365
1062.4462310092183,393.55309325414055
1092.3775966105404,391.6346765833732
1122.3648537067363,390.4333864544569
1152.3670053109527,390.00019443035126
1182.3458001151448,389.30463123321533
1211.9707810496911,385.0601692199707
1229.601051890466,362.4117093447712
1252.1060510389507,342.64988653734326
1274.9217780041945,323.29532135630143
1290.3584870233171,297.7155010740098
1300.382104504728,269.4582071551158
1308.817686818118,240.67064751769067
1318.453118768959,212.27288012677673
1330.0794013803825,184.62737487442791
1345.5213912016625,158.98818048110115
1359.3877847405383,162.49520984804258
1350.6749597897706,191.17100820021733
1339.8007178189728,219.12523294781568
1329.4491908354685,247.2791747264564
1322.1134190157754,276.3135691466741
1340.2415365366032,290.868838225957
1367.9800300776842,279.64183692337247
1389.0994127432932,258.8363742788206
1399.904497693802,230.94559581261274
1412.8274004036793,203.93674760655267
1429.8560942555541,179.26047044322786
1449.1568357413635,156.29620655300096
1470.2727294886117,135.0016614226197
1493.3686218261719,115.87965393066406
1519.5392707205756,101.47406153339398
1548.1441707611084,105.9457106590271
1561.8739977320656,132.0667446749285
1587.8457041531801,136.71412359923124
1608.7810732778162,116.56812656763941
1621.735003313981,92.54678164981306
1651.558957120753,90.0221602411475
1681.427954642446,92.35416425924086
1710.886858641099,98.02463940567577
1740.0526537981405,105.01320270813267
1769.021084073489,112.81123199348258
1797.8202853924681,121.2104920082102
1826.4653959825237,130.1137418487302
1854.9735399895505,139.48315970130693
1883.3051978990318,149.30155547821983
1911.4899340739212,159.61194362251263
1939.4548026332632,170.46681045088917
1967.146688401699,181.99992269277573
1994.4257147641183,194.49848076289345
2021.0607858285512,208.25834720038984
2047.2172376821982,222.97287617169786
2072.940147960656,238.40299049527607
2098.2861174863037,254.46048521008265
2123.2448171370106,271.11089726603495
2147.7664215798522,288.3859710089255
2171.7315841628297,306.41734747194664
2194.8198141874736,325.57364024937374
2215.3949249615816,347.3062806103244
2228.9667690841743,374.0457349539647
2241.7772405818105,401.1799483075738
2253.475627637328,428.8038632239022
2262.8795075616363,457.2661972707283
2267.404079258442,486.86864668130875
2264.7984743926445,516.7064001838025
2261.800613083513,546.548534119429
2259.11973529882,576.4356619269377
2256.588541008532,606.328877158463
2254.1603532848967,636.2203669081646
2251.814415167546,666.1403036728286
2249.544679478605,696.0538955338877
2247.2642664397454,725.9675807200194
2244.945409456168,755.874196814957
2242.5953991925508,785.777625634104
2240.21573134756,815.69652317908
2237.810250315362,845.5934085277648
2235.3758316656767,875.5015083209892
2232.9127163612266,905.3991614632669
2230.417563449829,935.2959579576698
2227.88732882382,965.1831461810373
2225.316438047579,995.0630502750848
2222.6949929978,1024.9602035777805
2220.014100215627,1054.8448861303134
2217.438297041881,1084.7318650210946
2214.873290871794,1114.6079423704743
2212.3172085268466,1144.5088193742
2209.775100160759,1174.4029176282443
2207.249409661958,1204.2957610387143
2204.743866297971,1234.1868873031847
2202.262349649151,1264.086821248862
2199.8127803569805,1293.9752860780427
2197.4012364671403,1323.8807891208446
2195.040273761838,1353.7928794176576
2192.7465233337916,1383.71449455531
2190.547021004815,1413.6248709909976
2188.4806810168448,1443.5561989624714
2186.6218268321827,1473.5020011542365
2185.124069000085,1503.4664576942305
2184.4187891820893,1533.4511074575876
2188.6699906662107,1562.5850223079324
2217.9109768867493,1562.3380990028381
2246.8882075927213,1554.9033780167738
2276.8104207402503,1555.2701960005215
2305.9865908504,1562.0666676466353
2333.166596636176,1574.6129554212093
2356.134054510854,1593.750353962183
2375.0632111363084,1617.0040129278786
2391.754709944711,1641.9242494367063
2406.958871814586,1667.7817996666636
2421.0566990827338,1694.2669698706013
2434.2610688241366,1721.2012869802638
2446.7101836540496,1748.4824883940964
2458.51118484988,1776.0781629236299
2469.7095670024582,1803.8985706545718
2480.6525607951917,1831.8226594367297
2491.786518941226,1859.6911736550537
2503.0494979935393,1887.4936263886975
2514.4880368448794,1915.2197585301474
2526.277522855613,1942.8175122850662
2537.304820812753,1970.5980450058375
2542.115863113524,2000.2018292637097
2544.9951908150815,2030.0670457812532
2546.870382042389,2059.9923712066993
2548.0304468806135,2089.9687066866754
2548.583011433084,2119.969985605712
2548.549951352179,2149.963442265056
2547.8833716039226,2179.9689209127155
2546.4419860378275,2209.927616251979
2543.880646549189,2239.817904055655
2539.137177063878,2269.4196810692292
2529.810861040094,2297.911810239384
2518.504245569129,2325.696977396845
2506.332571938897,2353.1197177055856
2493.5902603897443,2380.2817816443803
2480.3921470756827,2407.222243022361
2466.777173336086,2433.9531148568494
2452.737269750519,2460.4600024767115
2438.2088976063005,2486.7056487942027
2423.040436414548,2512.5933766407816
2406.8535890054573,2537.8433454206533
2388.1276297427103,2561.2373771375132
2365.723403812386,2581.137727030553
2343.975186049938,2598.5638978481293
2361.667324759066,2614.016622826457
2352.4797384487683,2642.5655831129698
2345.1635366391783,2671.6365786615934
2340.999172988937,2701.3266615069297
2340.876381738577,2731.2804662976414
2358.598299429752,2736.195136972703
2367.9374255619296,2745.1244162290714
2357.114695109575,2773.1004543315225
2345.4212884210474,2800.7257978380653
2333.3106901404476,2828.177248197943
2320.9066053148617,2855.4971405381093
2308.252390138485,2882.6943263590397
2295.349053765269,2909.765525245824
2282.1497603844145,2936.7114104226926
2268.5679768588957,2963.4514298251493
2254.30366319023,2989.851112965395
2237.8366584014148,3014.8844554647803
2219.84010027349,3038.8798663020134
2247.6061312917154,3040
2275.976861893432,3045.8420460351044
2277.8472697530233,3075.390998118455
2271.6265219387133,3104.691637687036
2261.138137489448,3132.7786999761356
2248.3733948056597,3159.921245932216
2233.9942013779946,3186.2438578162255
2218.2319364051687,3211.770816947548
2201.0982629292594,3236.3886803131263
2182.348479319131,3259.8051624101354
2161.2746399001626,3281.1192937086307
2135.6501108279917,3296.259389853687
2121.080383658409,3319.8028282523155
2130.712098771619,3348.0294791985216
2145.931853207027,3373.8603929713245
2161.9156936905347,3399.253577440395
2176.336493302195,3425.54056210049
2186.091002879897,3453.7710913387127
2199.076040257147,3480.8255989335594
2212.9331992884545,3507.4251007094717
2223.107956446971,3535.592811661021
2226.884362774974,3565.2848760513443
2224.958295928087,3595.185027294605
2219.5065577700734,3624.6816628798842
2212.123612787742,3653.7644038518383
2203.6814032778057,3682.5534695944953
2194.322778964779,3711.036567055242
2180.276021316604,3737.4127133516304
2157.217987752403,3756.3227983035613
2130.5792510999254,3770.109875028982
2103.0934635390295,3782.1069416757673
2075.2472940001953,3793.2667963390413
2047.170112824193,3803.8717262836
2018.9235635148361,3813.9824937731028
1990.4948200866772,3823.554187286438
1961.8220547930378,3832.344272439688
1932.5933538749814,3838.927248597145
1903.6583981354488,3831.7170097377384
1875.7838683547452,3820.6317958971485
1982.1375163279884,3814.777239370305
2010.5843808557493,3805.2404125873345
2038.830212846895,3795.141228407125
2066.8356825709343,3784.357539474964
2094.482526799062,3772.756931150934
2121.705162756529,3760.1268576305247
2147.5504631233944,3745.0280903928597
2168.6579258885467,3723.835326975328
2183.9272596849623,3698.090104418123
2194.2494752703997,3669.9447350852024
2201.0314042880154,3640.7371352037208
2205.3889728020395,3611.056483488011
2208.1106304787972,3581.1826610698336
2208.6070280846034,3551.219370490071
2201.5636549417395,3522.1789116604486
2188.390757881727,3495.2501685154766
2173.4454266978137,3469.2417940150335
2158.1829843937394,3443.418073416622
2142.6412991157413,3417.7446083255927
2126.3752592540113,3392.535005772952
2109.2646107397304,3367.905927084794
2089.6226617591456,3345.4128119274974
2062.458733914551,3332.7939236223465
2033.8564563393593,3323.773026943207
2004.65767972301,3316.9820695741073
1974.8607085606782,3314.3105639861897
1983.6491529636078,3335.848807205908
2005.1532065928773,3356.7487889719073
2027.5904661417007,3376.6465750932693
2050.662364813088,3395.818388928001
2074.3975907300405,3414.180167938893
2099.1562975901725,3431.1015781325223
2125.011050639251,3446.262058018345
2147.367517296074,3466.185176611112
2165.24019063171,3490.207590953447
2178.069424760077,3517.282319318605
2184.8412226560995,3546.4389462427844
2183.7737440332858,3576.297273049844
2172.6663268082048,3603.9804799924023
2151.627515410073,3618.916100620292
2127.538686209955,3636.7488891660905
2104.486255347785,3655.9434893445123
2080.345317670348,3673.730602258307
2054.7355609336287,3689.330063106252
2027.4349648358511,3701.7145859705106
1998.5301559139334,3709.576211048683
1968.6540776865622,3711.802906894749
1938.9078374968376,3708.2364597093547
1910.155261715874,3699.8159252488986
1882.657053643014,3687.843801403462
1855.957723057596,3674.145081218565
1829.7990926948842,3659.4772570647765
1808.5681979069195,3638.7394064738473
1801.1187463363058,3609.9066240276115
1800.709427201888,3579.937785739706
1801.9503440847088,3549.9587093838204
1803.4953260172756,3519.9989011230405
1805.1091708093882,3490.034925431013
1806.7728684040085,3460.0883687278474
1808.4369269943672,3430.1353141013897
1810.100987957354,3400.182216767629
1797.6105346679688,3380.720947265625
1768.4562815856189,3373.581130184233
1739.183152901849,3367.1348207513365
1709.2899817008001,3365.114449908142
1684.0692991334945,3376.7322569712996
1705.5295929587155,3396.039717523963
1732.0940301141236,3409.6030084871745
1717.897776613012,3428.053690182278
1688.0233561393834,3430.088085132331
1658.3658988062525,3433.7988285135943
1643.3194902515534,3456.9362280761416
1648.6873420357388,3486.370994564135
1657.6316494695911,3515.0053109730907
1667.2092231759143,3543.441378453963
1677.2583887700296,3571.7015440589203
1688.0340387809701,3599.7014740194572
1699.7594758584694,3627.3004749040556
1712.7473901267658,3654.3515086740517
1727.3487528605117,3680.5603978905374
1743.9390282076463,3705.5326083866084
1762.836063244018,3728.812374960895
1784.1236361257033,3749.9440776502015
1807.553010702546,3768.664031000886
1832.6501596183753,3785.048740636683
1858.9663155350136,3799.476626657066
1885.5303663164377,3813.388716975227
1912.956194827566,3825.4676185503195
1942.5418184220325,3826.5102065766405
305.18319723206514,3672.7972546030214
330.8875057098685,3657.3391142556156
355.88090497711346,3640.7603629389287
380.3330457657721,3623.352727774749
404.1321206759767,3605.0940073176007
426.9470486905775,3585.631973768832
449.77862863475457,3566.1749998893356
467.5565812587738,3542.749685179908
465.36024260520935,3513.474245869089
443.78084585629404,3493.8276037117466
414.9600641767029,3485.6573083630065
385.2242259514296,3481.7455047312324
355.80122215638403,3483.6656313645653
344.7232120856643,3510.8951171189547
334.12789489397255,3538.920530586067
317.8419430624524,3564.028260235523
296.0553091604943,3584.5331746211777
270.15712362434897,3599.581760125231
241.88486670589737,3609.5184652529897
212.47363196511287,3615.3076086302754
182.80244835466146,3619.752405717969
153.81388425827026,3626.5052766799927
129.50886836613063,3609.483654348296
115.49702639132738,3583.5633189454675
115.44600498396903,3553.630768642761
118.91965179373801,3523.842061510484
125.06399360145042,3494.4860047610637
134.4733744320256,3466.0313581597875
146.6061906084651,3438.621241300949
158.8480157894228,3411.6764749015565
178.34905747279117,3388.902627086907
199.11906848754734,3367.2532348819077
220.6969175414415,3346.4287253073417
243.2983773612923,3326.6872480765815
268.9266132340272,3311.4540039480053
272.54464539140463,3290.2710608765483
246.76231739949435,3303.727599579841
224.74175529784952,3324.0835603055093
203.89394179350893,3345.651327689273
183.84523039865053,3367.9792931540505
164.54846237107154,3390.9478118568704
146.10865395102542,3414.606324420586
128.9042642693821,3439.172776049061
113.91784989833832,3465.1612179279327
100.55538672022521,3492.016795758158
88.56843774556182,3519.513707299251
78.96292323684065,3547.9026004205243
73.14591175520036,3577.2882761189103
79.62650510256935,3606.163984608851
94.8332842556556,3632.016544302518
110.8181096687913,3657.396171838045
138.05961822032987,3668.8306810917857
166.37975098067727,3678.719686989325
195.53928614484903,3685.692580714429
225.3280283138156,3688.956175558269
255.27749080705507,3687.8913009314256
284.56724809494335,3681.608116584015
2053.7403603044804,3663.042904795031
2079.498523105547,3647.697233593746
2105.064603298204,3631.971964756609
2130.1795678338385,3615.5770746694725
2152.354282581713,3595.600886348024
2159.9008946358226,3567.044348572701
2157.0876191010466,3537.3218990617897
2141.1946511770366,3512.1309113304596
2120.1527306321605,3490.7478486460786
2097.9672567728276,3470.5541725091575
2075.421603169506,3450.7717255386674
2052.8076672466705,3431.0691357897595
2029.9011582774274,3411.683180734879
2006.6014179567574,3392.7924087932333
1982.9165613225034,3374.3770643834887
1958.812397365342,3356.5001490330324
1934.189648079293,3339.3848261075327
1908.573964715004,3323.768296599388
1882.231595397374,3309.4417448652384
1855.8730288092047,3295.1063840892166
1850.1097979433835,3318.5177277643234
1847.8932893378005,3348.440593939693
1845.7066474569183,3378.362252431769
1843.607265382103,3408.279251405678
1841.439512467332,3438.20773327403
1839.265982895071,3468.134566853696
1837.1297465537245,3498.0608106809304
1835.085503146507,3527.9755731775585
1833.1387504834565,3557.918742748152
1831.1427743097884,3587.8583853531745
1829.1479886317975,3617.7801705230377
1839.3535663018993,3640.7838922670053
1866.0955024808645,3654.4071427732706
1892.9145145561506,3667.834756547154
1920.5435298057273,3679.4882371937856
1949.830127351961,3685.5649425509764
1979.729342997889,3684.0364421779523
2009.2716766532976,3678.797015474178
2038.1338431686163,3670.7016803622246
1278.4322130532382,3611.5938106642425
1257.1619003268734,3590.439813767398
1235.1000846148072,3570.0977827533225
1212.045485196113,3550.9250635769404
1187.201347720038,3534.1562783824775
1174.5940239833271,3542.2968646118716
1195.4569477902262,3563.8354496685583
1217.4210283478785,3584.257035487228
1239.8581674560958,3604.187172062682
1262.6299024531897,3623.718120463935
1285.740636123248,3642.831869625781
1309.3306188024496,3661.3612844779277
1334.104588071541,3678.2352365707447
1324.0165210775594,3660.611498966755
1303.8774528926006,3638.3906746474095
1454.0583981378004,3578.527327864431
1462.4675674438477,3557.8863920476288
1463.2816983109806,3532.5053937846096
1489.9863341450691,3534.8196783661842
1464.5921615249244,3519.645186722628
1435.4711689193246,3512.7797408253155
1405.6681406616808,3509.2634464226594
1375.7483035399164,3507.1497401791003
1345.7668108051475,3506.207705270148
1315.7907655145973,3506.9656269410625
1306.8485341072083,3518.612680375576
1332.7881774902344,3533.68111038208
1359.218486509999,3547.8821190510625
1385.8322939760983,3561.716304499656
1411.8196318745613,3576.69551640749
1434.9608371853828,3595.5408957600594
1417.5800097584724,3610.704719364643
1387.609028287232,3611.906820418313
1411.674851179123,3618.2241319417953
1441.1495776417723,3623.4858454941277
1457.9682171551976,3604.922531236778
235.027432882227,3585.992397148162
256.47887992858887,3582.810809135437
268.4035050868988,3574.537124633789
284.19641989283264,3560.010942282155
306.88009627931933,3542.6522142149606
318.24225454481166,3514.9565692323904
324.88185306948253,3485.7130074706965
328.580501943826,3455.9591339729745
329.97182617626095,3425.997559175259
329.77677343805453,3396.0009061456058
328.35648528081947,3366.028179834946
322.6499199215323,3336.6797961220145
299.82163743674755,3320.228174030781
271.1695533060538,3327.270434449667
246.09073608390645,3343.6812911651723
223.23958419787232,3363.093540561851
202.19353805891842,3384.476184090927
183.160400390625,3407.6357421875
167.04972500013355,3432.9179012214954
154.05671769194305,3459.950041178614
141.2413644939661,3487.077817887068
132.38913601636887,3515.5948306902865
130.71563982963562,3545.513201230089
133.44297236204147,3575.3487934093428
145.2398749415297,3602.0734534343937
173.4400719429832,3610.2366808498045
202.35670399278752,3603.0179997679516
1537.2088224794716,3573.9266513818875
1543.6811225358397,3591.3307202989236
1557.416580551304,3596.070209302008
1612.2868537679315,3491.759714409709
1604.2322390139307,3462.878053011984
1599.6552943688584,3433.296828346909
1575.3808996018342,3420.462052088187
1545.3982656876233,3420.3138127794246
1515.4943157846847,3422.744732420988
1485.7161061950173,3426.39157362275
1456.0551502089081,3430.866527605711
1426.5390477446053,3436.1787076344917
1397.2999244834773,3442.9090005678536
1393.4651518162518,3460.383116228304
1419.630068473611,3474.9912510765635
1447.086465816146,3487.050676173968
1475.1430250384146,3497.6944293082925
1503.640022740592,3507.059890009101
1532.594107290568,3514.855341290304
1562.1563344718652,3519.774630760947
1589.6392198204994,3528.3369771018624
1578.3113162523368,3549.009941897937
1597.1637253512163,3572.24398227199
1617.663337975042,3594.1573612836655
1627.1262291318271,3582.863937813556
1627.2326833282132,3552.980066720047
1621.6955011144746,3523.508513207198
1342.8341195536777,3465.998714352958
1314.0535360595222,3457.5757498142902
1284.855242785692,3450.682339019302
1255.410809975483,3444.889987852266
1225.7374406699219,3440.583917645343
1217.6353506160922,3448.570860101294
1245.600717872294,3459.3468292611797
1274.4485749518826,3467.545799312351
1303.73934536241,3474.062453649007
1333.4022827148438,3478.4207458496094
1363.3713121826295,3478.547100376687
393.2478352431208,3427.8929985053837
405.56473824195564,3408.9154002908617
383.6472524460405,3388.4119458366185
362.0292890071869,3367.6283127069473
350,3369.2798553239554
350,3399.2727032285184
350.75218413192124,3429.257034763832
366.900557423156,3446.144463397388
1365.4906557191862,3412.1812428246485
1378.2617745399475,3400.4792380332947
1349.2735336344922,3393.137086263392
1319.4047927856445,3390.744915485382
1290.2370112091303,3384.324903444387
1264.3847505375743,3370.723626129329
1234.9193360159406,3365.6527905428084
1206.7493479149416,3355.398381830193
1179.5041375580913,3342.860635879435
1152.7225306756773,3329.3168429876423
1125.7876843514387,3316.101730071241
1110.0818185501266,3326.699184148805
1128.8082458283752,3348.250169923529
1143.4561617379077,3373.2455727962515
1168.0280569976312,3389.9109436183335
1196.4082231384818,3399.556764347899
1225.7150517913396,3405.931627161148
1255.4228074757702,3410.0512692192933
1285.1977340183075,3413.73724936034
1314.9793294137344,3417.4187249452807
1344.7961194738746,3416.0234631821513
1552.7665804767457,3367.621208200144
1580.7416395471955,3356.757270264061
1608.322160168318,3344.9783881858457
1635.524509270137,3332.3124959088454
1663.400890648365,3321.3025583028793
1692.7815614290303,3315.5390704975
1722.681644632481,3317.2579889297485
1724.7973083223915,3305.645845325198
1695.221598596312,3300.9587945975363
1665.2713735390626,3299.22951305101
1635.2825199390045,3298.8423698099723
1605.2786112789474,3299.420562990622
1575.3076557565128,3300.872460401988
1545.404275388326,3303.2688236547983
1515.6437352144658,3306.8932718603537
1486.2098793270325,3312.6203728490145
1457.6434279031666,3321.774285251695
1429.2005317606545,3331.325591183533
1401.14562369138,3341.904423251748
1409.9143192097545,3357.752858027816
1434.9017506465316,3373.7880137339234
1450.7026100158691,3395.8071327209473
1480.181634924158,3390.8053694507416
1508.931435065415,3382.236044353396
1537.4226967534262,3372.868220308127
1625.9147716760635,3360.529669344425
1605.3060295805335,3375.450025871396
1624.9001385796582,3397.2451643024106
1644.008614718914,3385.6893570423126
1319.4531865852623,3331.209648236312
1295.3354200982576,3313.3847185008053
1273.0546039389446,3293.337838580832
1250.5603650862395,3273.6367341134064
1224.5017692053443,3258.799206833155
1196.9642970770428,3246.9141157847143
1168.5391812970329,3237.375534846999
1139.3951322324574,3230.2638446819037
1109.6479980872755,3226.7051800171794
1081.6813708134578,3234.318297618156
1092.794032713964,3259.630215924826
1116.6158900501152,3277.811720076741
1142.2244648818707,3293.4229523252743
1168.6916927806913,3307.5474114241406
1195.7268388025605,3320.5415542521187
1223.2191415947545,3332.5300713045035
1251.1440930918063,3343.507842997431
1279.4822918429065,3353.323076489371
1308.3036724668,3361.6315226044426
1337.6988350469685,3367.5648558373505
1367.6303853020072,3369.220146164298
1358.0155117363756,3354.372837140312
1400.579914574666,3272.5201923638324
1427.3630639724342,3259.0571942237057
1453.3290763853881,3244.0269146476176
1478.7905186787248,3228.1399732008576
1503.8440540709432,3211.6468827930494
1528.5530258477213,3194.6304271577555
1552.9076151908187,3177.1241384024024
1576.8858310602639,3159.089395145028
1600.3805895328533,3140.443187826937
1623.194373437973,3120.9553435838734
1644.7615391792306,3100.119460922215
1665.1270402798764,3078.107119413444
1665.7889663790702,3065.651882053542
1641.0941475919753,3082.7653413259886
1617.4729449353893,3100.989712497302
1593.4419992267815,3118.9518678425547
1568.7341018935113,3135.9447500763054
1543.452822154286,3152.1043950912135
1517.6906705546482,3167.4865206547643
1491.4977476396452,3182.114277398301
1464.9084072162714,3195.9700727510462
1437.8809654428503,3209.0212980389765
1410.449385691818,3221.1274490520846
1382.5218580290257,3232.0919665830625
1354.0306681918591,3241.4767709014995
1324.8266738748055,3248.282019204566
1294.9286493012623,3250
1282.85869822721,3256.286958581768
1306.3915516873385,3274.8886428595724
1333.1843803002994,3287.7835568598675
1362.860304112357,3285.334244910002
1391.4157530665398,3276.2100675702095
1864.0022118836641,3244.7437642375007
1839.9023976649623,3226.915710438261
1814.4477926027612,3211.039109706471
1800.1710698208772,3203.9248284008354
1821.896374028176,3224.6155943125486
1843.5485732465859,3245.366187321919
1865.4930753858353,3265.8088844685553
1886.606718659401,3274.128116309643
1680.514440074563,3234.7571601867676
1652.2056007385254,3242.1717987060547
1677.2871475219727,3254.796188354492
1706.8374832049012,3259.0444052815437
1448.9913561181093,3165.2035456130798
1475.6490537297796,3151.428634230251
1499.1385343950242,3135.637923659757
1470.943071542726,3145.6962959504344
1443.3893096933293,3157.5850023627377
1416.0687470948346,3169.9847306062197
1388.9501734673286,3182.7964068425463
1362.0872358689326,3196.141844360039
1336.0858613107412,3211.0516579124087
1355.260746103082,3209.545224058609
1382.7765160256276,3197.5521956058583
1409.8288065929287,3184.66135039679
1436.6364127641136,3171.2125866432325
1733.8497060657246,3200.951280717578
1719.4824549866607,3207.4756758555304
1747.1164186000824,3219.087059676647
1163.381761085242,3168.6529951449484
1184.435184051028,3147.2935933273293
1203.2678540390916,3123.961096121231
1219.6368115100777,3098.8184120132355
1236.3085983923665,3073.876463704524
1253.362696119235,3049.198963527684
1271.3662312319502,3025.2100467588753
1288.9847422270104,3000.931202976033
1305.4777514686575,2975.881986481836
1321.5040422535967,2950.5199332837947
1304.8812121832452,2957.071272690053
1279.9877127802465,2973.7228592694737
1258.287171602276,2994.401048354898
1237.5154435595869,3016.0690863196724
1217.238076940755,3038.1786839948027
1197.3084644587652,3060.591261019872
1177.6689714446852,3083.260187122519
1158.304944038391,3106.1845111846924
1139.2692446451856,3129.367854192661
1120.666809453538,3152.89124643572
1102.8120534675836,3177.0134237917955
1090.3212728403887,3203.4793840678904
1115.9005057429895,3203.6292487112805
1140.872971684672,3187.064523329027
1847.2063282178715,3193.8231714945287
1853.1812014430761,3209.7982449680567
1810.4105071935774,3119.181654090484
1838.8356997110968,3109.5686606766103
1867.8259489693883,3101.9154258195194
1896.7509656906568,3093.952143474111
1924.982250213623,3083.8683319091797
1952.0582484028855,3070.957613722363
1977.256113394391,3054.7356425740654
2000.0269694711442,3035.228392132085
2020.0325879636239,3012.919488650232
2006.9364582284325,3005.626199057311
1980.8803938730853,3020.4992273036623
1955.8626865893602,3036.991920799017
1928.6659164272714,3049.019597878214
1915.5339984744787,3025.924283720553
1887.2160764737346,3035.1639029672806
1860.6552251085377,3049.0834871468105
1835.358748972416,3065.1882448792458
1811.2943240874301,3083.0790090636438
1788.0156470677466,3102.013839353531
1764.0743708908558,3120.085394240916
1742.9877434214577,3137.8674647165462
1772.8735275496729,3138.647029388463
2027.4784484298434,3102.7374799184036
2046.8842300344259,3080.03201928176
2035.2944591735722,3071.234651440056
2012.5557214347646,3090.798807683401
1988.6914756282931,3108.978419768042
1963.322786707431,3124.950420865789
1937.2303665988147,3139.736125594005
1961.8675607591867,3135.4411943256855
1990.090841649915,3125.4681820194237
2016.3701267641009,3111.062323019549
1395.8451843261719,3052.2327880859375
1420.4946737230057,3035.118061788846
1443.9215020334939,3016.4062751813935
1465.9655432122527,2996.0705714202486
1486.4258979837196,2974.1343473272063
1505.0984266864562,2950.6598831243246
1521.7952042026445,2925.7413714192808
1536.345599241622,2899.519275541017
1549.7811085528228,2872.696567889303
1564.272337914299,2846.4451728449203
1579.9622332304716,2820.8723442554474
1597.9939519507388,2796.9523756014387
1616.4960658601485,2773.4182133218274
1599.600420666793,2765.6948132656253
1573.086166381836,2779.6795349121094
1547.9896282684058,2796.1246732112486
1523.9236186733433,2814.0399618034926
1500.7212047309404,2833.0444206583225
1478.2161449491164,2852.8880388028115
1456.337444710498,2873.4193949895316
1435.0544744729996,2894.5537276118994
1414.3481303380395,2916.272203895376
1394.2651196335464,2938.5583036842754
1374.8833556204954,2961.4415815807165
1356.3335790472956,2985.0164995558894
1338.8964234441519,3009.430779585615
1323.1741879727633,3034.969705351894
1309.1221785651614,3061.4658579754887
1296.2229678361618,3088.538196020949
1315.881136959768,3093.350469636149
1343.458727775942,3081.580638958476
1370.1127128195803,3067.824449770138
1703.1490467957592,2883.755141985079
1725.234249798581,2863.440747231245
1746.9495832517568,2842.7346122455783
1767.969726837473,2821.3611563928425
1757.9918112853338,2817.035283094767
1731.3522565067979,2830.7954972230364
1705.577577450851,2846.1741961994267
1680.7288588152296,2862.9466432846675
1656.737745548482,2880.9560960379895
1633.5094638014762,2899.9539540211663
1611.0710911676815,2919.855767360965
1589.536163082963,2940.7529999807994
1569.334937847345,2962.905490363937
1551.9134610929777,2987.280693113429
1551.737702891609,3004.474098200488
1577.5500263925642,2989.3850262928754
1601.232784906224,2970.957189905912
1624.4447727563966,2951.9669482416066
1647.398720399085,2932.6421173395033
1670.128343788674,2913.0559042666573
1676.2864608764648,2986.9577674865723
1654.7351823343197,2986.452551401453
1642.8819799423218,3008.4897017478943
1668.3202458383457,2996.96283924974
1855.6468846630305,2906.9354829546064
1868.9169662771747,2880.82052056212
1843.678772952393,2893.001757059261
1821.6485122179583,2913.3582549953862
1801.3525810781866,2935.435658065602
1790.5502286369447,2959.689922886668
1816.2402582422255,2944.669937921277
2259.1500701904297,2342.507682800293
2253.880148069409,2312.9827615887334
2250.5176007978735,2283.17536462078
2247.83422507433,2253.3029826484562
2245.587565577298,2223.390472189494
2243.6920005123247,2193.4503958509595
2242.3870193878975,2163.471177013398
2241.5634172016944,2133.489732906979
2241.1839396990254,2103.4866691332973
2241.525199886546,2073.4906140317526
2242.962491225073,2043.5387127594586
2245.8677926918026,2013.6657691897126
2250.3496055195574,1984.025604255381
2256.0884504089645,1954.575382116059
2262.5293449197834,1925.2672008906754
2269.94976840436,1896.206286708053
2278.4996063035305,1867.4540846053208
2288.410332970321,1839.1350231422111
2300.0652759973455,1811.495174032565
2314.1840274368733,1785.0589552755755
2332.2889488983637,1761.1911774277687
2322.694828216263,1759.486302435398
2296.696990245571,1774.6488179875232
2272.859742395347,1792.7965552466922
2252.892806275984,1815.1153253948505
2238.046659970976,1841.1239388810354
2227.894646213157,1869.3371386802755
2221.1500166521873,1898.5470647658221
2216.6621700775268,1928.2057784114613
2213.6680684534863,1958.0515126595174
2211.681841822836,1987.9807085763314
2210.3924899571443,2017.9613011504653
2209.59672709275,2047.9526798597863
2209.1555988981017,2077.948619253126
2208.950585021613,2107.942584424103
2209.1235690313097,2137.952652206184
2209.9870914710446,2167.93789947205
2211.7448067500954,2197.8761249489835
2214.664737285115,2227.722381562926
2219.088956292182,2257.390978328638
2225.421276741661,2286.7243746155873
2234.0518736604226,2315.4387997675894
2245.2537680245046,2343.2579104340953
2259.1563236144575,2369.8071197264944
2263.928131565479,2356.3717618321607
2499.705099888146,2306.1040312349796
2482.7390715887304,2284.020439847256
2482.7460861206055,2254.047634124756
2484.7577227954935,2224.1227041716284
2487.0737342175744,2194.198190333682
2489.4291815012693,2164.2968444377184
2491.8623375029597,2134.4022728320056
2494.443035484266,2104.5145245625718
2497.339016506612,2074.650971566076
2501.1590381410606,2044.898155275896
2514.005695914151,2032.1651734700426
2517.97498730649,2061.856146061953
2519.271473482251,2091.8333310484886
2519.6169342945686,2121.8121676900046
2519.360006668729,2151.8196819812056
2518.6548079176964,2181.8161139964795
2517.939846199937,2211.796625794843
2517.5201902300614,2241.809156388539
2518.3886116126814,2271.7733012831595
2529.298816858558,2258.1408401236404
2533.6101937988715,2228.4506317681225
2536.264427009737,2198.573744682828
2537.978342909628,2168.6235277740925
2538.87339142778,2138.6455172015594
2539.1249558889394,2108.6336700867014
2539.3028211512847,2078.638755749128
2538.983673304014,2048.650257982661
2535.6285729053197,2018.9014709147596
2512.2550343060866,2003.2659361707047
2483.443020530045,2003.9748715311289
2478.3965895997226,2033.5250548403674
2474.7391598640243,2063.304482058855
2471.4211671168887,2093.117830605799
2468.297423803233,2122.9506881227426
2465.3120007325124,2152.8085900293077
2462.4782919312943,2182.6718466592706
2459.8754935562156,2212.5542282529113
2457.7319721252807,2242.4771814784112
2456.6020731196213,2272.4541589070072
2458.322314837016,2302.3793361606076
2472.9257738250453,2327.0997332800907
2502.3115834593773,2327.972230017185
2371.9345016644656,2275.158661412337
2375.5636253356934,2245.380500793457
2378.322986643281,2215.521847779659
2380.612305995617,2185.595973278276
2382.544226168504,2155.672485066094
2384.1351577988826,2125.7111602271907
2385.367122363241,2095.733355827804
2386.5989705653046,2065.758382910921
2387.830681825646,2035.7867422426134
2389.0625,2005.8125
2383.4468248288613,1980.0874777017161
2356.0044538795482,1967.9514685531612
2327.323789432645,1968.6891664415598
2330.0299249485834,1994.6820474739652
2355.4709901809692,2007.1974263191223
2358.658254652797,2036.9146433550359
2358.197097911878,2066.90193592968
2356.774794467681,2096.8808025888575
2353.6961551721906,2126.691616599681
2334.3768315315247,2144.989417076111
2305.974207479274,2151.7580944596557
2324.651557576479,2171.313156471806
2346.1552827730775,2190.971547819674
2349.8876242650003,2220.6147141486435
2350,2250.6281295716763
2350,2280.6220331154764
2322.917453588452,2277.5834907176904
2293.4276975082466,2277.1285891722655
2307.119741999313,2298.4912698197713
2334.935134900268,2309.0550454823533
2362.5893776326557,2300.4660845123435
1923.8656456328463,1877.4288673273986
1923.0508249663108,1907.5623781809263
1923.1049979525378,1937.5138398292656
1924.2259169339668,1967.4972172018606
1927.9011750221252,1948.5037709368626
1928.4981971979141,1918.5265416823531
1927.7261501550674,1888.5318885897723
1133.6086073518964,401.71869802474976
1103.6032222545473,401.83927297592163
1086.1120249594096,406.00900930096395
1116.1591070918657,406.9921565776749
1146.1072753049666,406.519068493275
1634.7361828760768,317.3519113925722
1635.2464499382768,287.62491974036675
1625.22265625,259.443359375
1609.5827547017361,233.8778786001294
1590.705412209456,210.59130742966954
1568.0633685224457,191.08772970724385
1539.465662117149,192.1998167014317
1517.5409477550456,212.45406289063249
1500.5337520725152,237.12686880811816
1487.2965653885367,264.0291991742197
1480.0469523534448,293.00503158850915
1492.592265161802,317.95839558239095
1520.952134647645,327.58136806963375
1550.045847608897,334.84792946522066
1579.167555547363,342.11191290630086
1608.4842569973553,348.4472913359059
1629.1697335243225,330.3982882499695

494.99304200337156,2592.999267376965
465.78428802924464,2586.457843972792
438.8893635820714,2573.351554937326
420.25531171867624,2550.7740296471165
445.8103923602903,2541.5214729452855
475.7603215999261,2540.0136631325004
505.7582744100946,2539.5217962911984
535.7228600978851,2538.0394739471376
565.6317875753521,2535.755953550456
595.4851734734257,2532.782124074097
625.2611206821166,2529.170306827691
654.953843374271,2524.922220093409
684.5511217133026,2519.984323657488
713.994172167033,2514.221981866227
743.1893175728619,2507.3068070440204
771.75390625,2498.2451171875
791.4129978616256,2478.6121614510193
809.8583256576167,2455.3043246740162
827.859661798233,2431.342518574882
843.7410481578554,2405.89877484701
858.513919871788,2379.7809371728617
872.3377532958984,2353.1708908081055
885.0870597824178,2326.01511368086
896.0229098008786,2298.0927201089544
903.8228396773338,2269.1196489930153
908.5173395053716,2239.520967567223
909.5454878981745,2209.546518662328
906.6121090983379,2179.726480104071
899.850889076859,2150.5136262635915
889.7646800763398,2122.271766721442
877.0264770936919,2095.1246442835545
863.5937854634103,2068.2884390870895
850.4762012950378,2041.3248366095359
838.0594374472421,2013.9996256524028
826.9957415432491,1986.1281449322105
817.6492087617517,1957.6256773546338
809.6520347823734,1928.71731037463
802.3598944415135,1899.6058743201575
795.0804038510978,1870.5154166358698
787.3020099080077,1841.5366254760993
778.8941504778777,1812.7431442181987
768.4354640030069,1784.675304297707
760.320744134593,1755.8179924198903
754.2565072483087,1726.435542621167
748.9771716412415,1696.9068285026715
744.2267911997221,1667.2893138538518
739.929416043741,1637.5926601293993
736.1002942194739,1607.83824534159
732.8472396986272,1578.020960442229
730.501338263959,1548.1012099580112
729.7721012979746,1518.118753246963
724.3895978911314,1488.8439551786287
700.8479105747538,1471.2289529960544
685.1874218616867,1446.649389201746
681.8321803244125,1416.8733788996487
683.1084939090506,1387.0078416152246
700.2437699752627,1363.2039868043503
726.4173602881513,1348.6254665957306
754.0769651758746,1337.0375022668304
782.1446440506777,1326.404498315256
810.3204461368005,1316.1313290357211
838.5425986062019,1305.9452987394452
866.7933412205948,1295.8808145937273
895.1528001259755,1286.067596010849
923.6809347126309,1276.8140418104213
952.6610902146804,1269.1094605273993
980.0179682773305,1273.6785694964929
994.9134404249489,1267.654656689614
1010.3062458110508,1241.960077047348
1034.2847377877042,1224.846168935299
1063.7874116323947,1227.0888432860374
1090.9289147317536,1239.727481868118
1116.277697767684,1255.7809787764127
1141.7221773861966,1271.6691101578617
1167.5024258499907,1286.9852828824805
1193.6042079661565,1301.79180753509
1220.0174948124913,1315.978117397637
1244.6116480197525,1333.134569048998
1262.9844553470612,1356.2003396634245
1268.6464725136757,1385.6087261531648
1269.6354353427887,1415.5583463647636
1265.6935105919838,1445.22902394399
1250.0088679371402,1443.723437522538
1242.4067544402787,1414.9214927081484
1223.4632682442898,1398.2172117892187
1217.2390358162666,1427.48866753935
1210.2044670724426,1456.6214123011741
1199.2790879844688,1484.5276187362615
1185.2631621546461,1511.0279358757252
1169.1726990163297,1536.3404256114009
1157.9575379490852,1563.7807893753052
1144.9693315848563,1590.7083771058824
1128.6487453589216,1615.8804964618757
1116.4547503339127,1643.190479167737
1111.0516635893146,1672.6613847549306
1108.9255897322437,1702.5828345072223
1107.9264575839043,1732.5639091099874
1107.4677439182997,1762.5567242653105
1107.2619950175285,1792.557789488681
1107.3297910690308,1822.5659645395353
1107.8982391357422,1852.5518668293953
1109.3760986539419,1882.5219730788376
1104.3628591950983,1878.4201741032302
1094.7078606318682,1850.0231195054948
1086.9450708524237,1821.0743882003408
1082.0659444629036,1791.4782671658363
1078.828179220638,1761.6552823080624
1076.8403014698997,1731.716017287923
1075.996416549695,1701.7322273535478
1076.3707373216748,1671.7404184993356
1078.2699926681962,1641.8048498809912
1082.5461864131357,1612.1225221011446
1092.7725196596002,1584.0679669380188
1113.2349640382454,1562.5014514923096
1138.0957525693357,1545.7612808481063
1159.721075819325,1525.0109333306318
1177.7375226605654,1501.0741517384304
1191.940890967846,1474.6773982048035
1201.9997647181153,1446.4316063523293
1207.4339370052621,1416.9658984973212
1209.6278090274427,1387.0580786452629
1191.5826634168625,1370.1191934794188
1163.4688931703568,1379.9990155249834
1137.857306332604,1395.4086680922774
1108.2680758482747,1397.9573579605785
1079.3481541648507,1390.2186904847622
1051.700343186012,1378.5835538353786
1024.7718979176323,1365.3573320925761
998.1839791192906,1351.4594326302176
971.3939790925506,1337.9801700976532
944.0502994382168,1325.649948329521
915.4446547377884,1316.7843290285527
885.6494127266051,1317.468284498129
856.7486490202173,1325.4238401306957
828.5030697571638,1335.543857134835
800.8596143319774,1347.1572757178383
774.1065239978452,1360.72684424008
755.9565889105434,1382.9707492234884
737.5576353593351,1406.473494494261
732.49139441445,1435.823656886234
733.3383551934821,1465.8043370485975
735.546630514058,1495.7402118518075
738.3324744178935,1525.6011590228773
741.5747206658125,1555.4254622608423
745.1690896705295,1585.2030115094785
749.0680411275781,1614.9537085245584
753.2510482289094,1644.6561995957632
757.7320308038943,1674.333495648356
762.5531459561025,1703.939091271517
767.843732226087,1733.4603799404285
774.0327010625151,1762.816391529228
783.6945060444996,1791.1553707199637
792.3208970840788,1819.8839343514119
800.3109306496335,1848.7948614765482
808.0823733333236,1877.7802169309616
815.8109552093374,1906.7645146164286
824.7165887666815,1935.4170209005497
834.4742501806941,1963.7838871275271
844.8766853555571,1991.921768054599
855.8473813037308,2019.8300980165768
867.4208431562643,2047.517166541816
879.7905299052018,2074.8469515586767
892.5700215127092,2101.983923677284
904.6708848785765,2129.4401910360757
914.4407668784261,2157.7691455483437
918.4521564347524,2187.4413888695417
917.0745451758175,2217.3839105308725
914.4575036810711,2247.2765841297805
911.734567405334,2277.1504305688504
908.177396866291,2306.9281287238628
900.7503826776519,2335.9014167152345
882.4711640150053,2359.4762000653427
869.9980720868334,2386.3037122897804
851.7919988982612,2407.0220398202073
838.3501476055244,2433.782784829382
822.5529956086975,2459.2862060043844
805.439678933617,2483.917777528768
788.2947051942756,2508.5435576110467
770.469130479205,2532.651283339126
746.732177734375,2550.829345703125
719.7331343163262,2563.838328143872
691.4522650736337,2573.7824795055603
662.4661611446736,2581.5287147567997
633.0677218070416,2587.462516606277
603.3721858889282,2591.7622901637587
573.4994862695476,2594.459880688408
543.5163027758706,2595.480290301857
513.5416725378291,2594.6247415752387
746.2894993789087,1375.535561647237
729.6836366911884,1362.5615846954752
702.7180685190979,1375.294830182218
690.6411091260816,1401.7491510560503
690.5463428811636,1431.7071269836742
699.3071305476769,1459.9725771321973
718.3088523165789,1445.7082082417328
725.299964572303,1416.5547245057533
737.21040391922,1389.0921105742455

1444.9911193568298,2575.998351925055
1415.7491469801644,2569.334916682421
1387.064200395147,2560.5763847649196
1359.0190671409946,2549.9679376155837
1331.7250462719826,2537.534120084723
1305.454512169821,2523.037446769342
1281.0291681133676,2505.6990754009457
1262.8294989387214,2482.346410602724
1281.8886072140303,2468.0760410528746
1310.3058069933977,2477.536246090087
1337.4117974552755,2490.3656072754093
1364.61510290741,2502.9980286592618
1393.5615304337443,2510.6314674910245
1423.410939232068,2513.418565738597
1453.4019987628812,2514.166853773744
1483.4100427061785,2514.208130660467
1513.407293553823,2514.012885860042
1543.401332722633,2513.5820300580635
1573.3792052675417,2512.7630307721265
1603.3549806009014,2511.2704282667946
1633.2123175086454,2508.5247353408486
1662.7284107799496,2503.2265700988646
1690.9637207703909,2493.180582855526
1719.1766140059772,2483.0389628114935
1739.9301891602809,2494.558990698075
1732.862130984664,2523.2701206952333
1711.5170024317158,2543.974271889547
1684.5939465780575,2557.115199953896
1656.0353822878278,2566.251211400315
1626.8540725708008,2573.1994247436523
1597.430047876087,2579.060476030023
1567.9262548513507,2584.501681816211
1538.130949497223,2587.6868028640747
1508.1977833717829,2586.0856175001245
1478.5278398795253,2581.68137147593
1448.9496689133264,2576.672903805567

1431.9934082534166,2408.9989013168956
1402.6501682669204,2402.8732978165353
1373.9628091735558,2394.1393578013085
1346.3532401028642,2382.402968634502
1320.531238960577,2367.1868962689623
1297.595193101226,2347.9309237505513
1279.2904319423324,2324.2556362178184
1264.3959832205437,2298.2144527526107
1275.1993289319798,2279.933767559007
1304.004056878388,2271.687075421214
1331.8114091602765,2260.452405962016
1359.8628454691498,2249.904803084908
1389.0188898971683,2242.8879345701134
1418.6312172993785,2238.130769055104
1448.4528754583134,2234.8756792491586
1478.3768194560253,2232.691014320255
1508.3406632029996,2231.2168053472788
1538.3350865604261,2230.9170068490475
1568.0201793077867,2234.700148554868
1595.7120079461893,2246.070650448368
1621.7734019448544,2260.91512155089
1648.0415478266223,2275.4111740387016
1674.9518775055185,2288.6698115719482
1701.662509918213,2302.1938705444336
1700.749479431077,2325.6217524481763
1679.7932179570198,2347.064896926284
1657.1222457522526,2366.7012401081156
1633.3442838226183,2385.001975773397
1606.986399325384,2399.2407655228562
1578.6122811365829,2408.8723524151765
1549.1529548587278,2414.4707341026515
1519.2548775078983,2416.69502549461
1489.269138008458,2416.146962153871
1459.4071154594421,2413.315327644348
1467.111594297341,2365.9250513511943
1442.3504673816497,2352.0612412960036
1433.8342181444168,2373.845257163048
1462.0325099923648,2378.1117363349767
1663.7088367085817,2312.8634367239865
1644.359834548537,2290.0975325346953
1620.276463207745,2272.2940260578034
1593.246024695729,2259.413647395062
1563.9141877851216,2253.348607220454
1534.0243208105414,2251.0185128250278
1504.0204113010168,2250.4784067587425
1474.036673357162,2251.186758731143
1444.0915211677868,2252.961077804481
1414.2257058963878,2255.8033223624807
1384.5113161491865,2259.900053569311
1355.1053450121306,2265.8115021751123
1326.804734357982,2275.5733889084077
1300.7450311275898,2290.381533780019
1297.6307494615467,2313.0776925151586
1319.7152854800224,2333.334085702896
1344.4037525877357,2350.329189091921
1371.7770529361442,2362.4210293235956
1392.9179097516462,2349.342614957248
1401.766279602476,2320.7477890526843
1418.3887681573397,2295.920058038668
1441.8944093993632,2277.4823741196888
1469.901222205941,2267.015597117743
1499.7273058461724,2265.2926230403828
1528.7945681252065,2272.2930521792596
1555.349561960451,2286.2021056559315
1577.4916502489214,2306.1323520307633
1589.9158241350233,2333.302006173253
1597.0229615680873,2362.440487317741
1609.9178070949856,2374.5422776208725
1634.1406908989884,2356.8509564319393
1657.2272520902916,2337.7001258161763
1508.0915231769904,2350.2350215846673
1510.745131218806,2369.9789879675955

634.9941406948487,2402.99945065286
605.2603317485773,2399.096298842953
576.0729523436748,2392.2794188328844
548.2465175949037,2381.1871678512543
523.3790539409019,2364.5144382295657
503.33060662224307,2342.307747714658
487.4189156293869,2316.8872665166855
485.92106395668816,2290.8596447717864
512.8688487474719,2277.8087777112087
541.2015546730199,2267.945478450416
569.9784953566268,2259.4465962135
599.0490822027059,2252.075043803701
628.5321678111632,2246.5920575140235
658.4150025196141,2244.214990921915
688.2738262096391,2246.609620287565
717.0311303204362,2254.960687508328
743.7102727530291,2268.6231220683694
769.068545460701,2284.6273348405957
795.9614868164062,2297.840305328369
819.6048946044175,2310.7031671359437
806.2608124121471,2337.1046529700834
785.8087960109497,2359.0098470523826
761.4068465151304,2376.3670994418226
734.2722305536881,2389.0693724989687
705.5865387868107,2397.7518175260484
676.0038724557216,2402.6498809004606
646.0328424602194,2403.669205545404
606.8548842146993,2340.631592683494
612.0237588882446,2359.838423728943
796.0639135719539,2336.1275071944838
792.9506258031615,2314.455939889027
766.9545750965717,2299.5348020537003
740.3418823532206,2285.6705578970077
712.0962154951703,2275.662409819095
682.6823413823863,2269.8827864750374
652.8149381346625,2267.181882463721
622.8193557686463,2267.11478704169
592.9340278480959,2269.6402461243706
563.4615322840509,2275.096116703038
534.9967578500509,2284.463034838438
507.7601601034403,2297.0337722599506
510.085692807741,2314.58239693052
531.3767862815876,2335.711857732851
552.1870531160384,2348.693316794932
573.1107460353523,2327.1718040779233
594.0824799537659,2305.7406401634216
617.9128743587062,2287.647838455625
646.5276526080415,2280.0966294983664
674.5517836293002,2290.0834498152108
698.4233137820174,2308.1496155987497
716.5516614789376,2331.8518974859035
728.0455399155617,2357.885089337826
757.3619598290334,2354.759898536844

792.9952388108068,2203.994873091595
769.3877924531698,2185.672057314776
741.7380818184465,2174.3369317905745
713.6470153331757,2164.1569559574127
731.8374450745032,2156.68871943271
760.5396915471792,2165.3272946551915
787.7011170653859,2178.01197457363
811.420964880439,2196.184420282254
829.1922116396017,2220.101656006649
810.1026581350015,2220.560301394202

1260.0000006258524,2208.991577550756
1269.8463322797616,2181.3861120862566
1294.2246646757703,2164.2572141125565
1322.392373864539,2154.0735101858154
1323.9872634653002,2164.8712576096877
1302.0518218174984,2185.325713046608
1278.7346499413252,2204.1572484895587

914.9950560629431,1113.9985351450757
886.1207018629066,1105.8585485998628
857.0855237092474,1098.3611333033914
828.0293006303255,1090.9523341734166
812.8148054014891,1071.9549913849914
842.1670508300886,1073.5555325215682
870.8324329766183,1082.3417897884938
899.3962095985189,1091.4603652954102
928.9662457887171,1096.398226261139
958.9333087535779,1097.2386918067932
988.8678985908628,1095.3111877441406
1018.7932581342757,1093.2485675811768
1048.7826145631261,1093.3420872688293
1078.628259152174,1096.213508605957
1107.7882595235624,1103.1551811520567
1137.3779467183776,1107.7741053833015
1167.3426979686465,1106.8445346545795
1197.0875357859604,1103.0445475866018
1226.6798878120044,1098.0657374097482
1256.222060978055,1092.8632346291308
1285.7869644232953,1087.7746334527635
1315.359934379546,1082.7394743731872
1344.979611178709,1077.928801870452
1374.7411280795932,1074.2498506084085
1388.1093502268195,1091.3413429260254
1360.3558426583186,1099.9782419204712
1330.4641188075766,1102.1130646334495
1300.69995541533,1105.9623396558163
1271.0525244422024,1110.5095028438081
1241.511545145273,1115.6887659153144
1211.9431033812907,1120.7489323141526
1182.1390443660093,1124.201063859222
1152.185700977454,1125.5876226939727
1122.2232700011518,1124.3741398247948
1092.4433012125119,1120.713731138514
1062.625733186258,1117.4177898844937
1032.6690429188602,1117.727561611784
1002.9193144206947,1121.583094155576
973.0122114216647,1122.6818297025166
943.1796259401744,1119.5441666467232

963.9963390976536,927.9941408931973
975.1300977451174,904.8997013612097
1003.0512073470018,893.9859153271391
1031.8494401216012,885.582459718964
1060.9594459645177,878.4240385317571
1090.5703303789924,873.6377383164072
1120.5178893278626,872.5660687503077
1150.2749178118156,876.1781680355307
1179.1816407025817,884.1208549823023
1207.1295193097612,895.0053724738391
1203.8478224687278,911.4579471228644
1174.5081813806246,917.5566838782088
1144.7527026005419,921.3341461044567
1114.9056688384735,924.3085614335869
1085.0019581682063,926.749621144796
1055.0721508173156,928.7221378415561
1025.098243324719,930.1783235758176
995.124218081648,930.8649534324795
965.2763846353628,928.8323014067719

469.9974366910765,890.9950563423274
460.5728385336697,862.8102853456512
474.15261347964406,836.9172016466036
485.34581254725344,813.6309540687362
460.1191799836233,797.8042903030291
440.7977811470628,774.9522667601705
432.8542616815539,747.097261778079
457.22961969939934,732.1505049933912
485.5277714883996,739.5523172208341
499.85984639442177,765.5601932832651
509.8888826647308,793.8385301328963
517.925038235664,822.7314555474677
523.5328978548496,852.182289565375
518.1091074288124,881.1711330224061
499.8574133878574,904.7729687690735
474.852352142334,898.7178955078125